ncols         5
nrows         8
xllcorner     0
yllcorner     0
cellsize      500
NODATA_value  -9999
# Number of landscape elements :  27
         0           0           0      250000.0000    410.0000    300.0000      3.4000    180.0000           2      0.0000      0.0000      0.0000      0.0000           0           0    100.0000           1           1      0.0000           2      1.0000           2      1.0000  
         1           1           0      250000.0000    400.0000    300.0000      4.6000    180.0000           4      0.0000      0.0000      0.0000      0.0000           0           0    100.0000           1           1      0.0000           2      1.0000           2      1.0000  
         2           5           0      250000.0000    400.0000    300.0000      5.7000    180.0000           2      0.0000      0.0000      0.0000      0.0000           0           0    100.0000           1           1      0.0000           2      1.0000           2      1.0000  
         3           6           0      250000.0000    360.0000    300.0000      6.8000    180.0000           4      0.0000      0.0000      0.0000      0.0000           0           0    100.0000           1           1      0.0000           2      1.0000           2      1.0000  
         4           7           0      250000.0000    380.0000    300.0000      6.8000    180.0000           4      0.0000      0.0000      0.0000      0.0000           0           0    100.0000           1           1      0.0000           2      1.0000           2      1.0000  
         5          10           0      250000.0000    300.0000    300.0000     11.3000    180.0000           2      0.0000      0.0000      0.0000      0.0000           0           0    100.0000           1           1      0.0000           2      1.0000           2      1.0000  
         6          11           0      250000.0000    280.0000    300.0000      9.1000    180.0000           2      0.0000      0.0000      0.0000      0.0000           0           0    100.0000           1           1      0.0000           2      1.0000           2      1.0000  
         7          12           0      250000.0000    300.0000    300.0000     15.6000    180.0000           4      0.0000      0.0000      0.0000      0.0000           0           0    100.0000           1           1      0.0000           2      1.0000           2      1.0000  
         8          15           0      250000.0000    240.0000    300.0000      6.8000    180.0000           1      0.0000      0.0000      0.0000      0.0000           0           0    100.0000           1           1      0.0000           2      1.0000           2      1.0000  
         9          16           0      250000.0000    220.0000    300.0000      5.7000    180.0000           1      0.0000      0.0000      0.0000      0.0000           0           0    100.0000           1           1      0.0000           2      1.0000           2      1.0000  
        10          17           0      250000.0000    200.0000    300.0000      3.4000    180.0000           4      0.0000      0.0000      0.0000      0.0000           0           0    100.0000           1           1      0.0000           2      1.0000           2      1.0000  
        11          18           0      250000.0000    230.0000    300.0000      5.7000    180.0000           4      0.0000      0.0000      0.0000      0.0000           0           0    100.0000           1           1      0.0000           3      1.0000           3      1.0000  
        12          20           0      250000.0000    280.0000    300.0000      8.0000    180.0000           1      0.0000      0.0000      0.0000      0.0000           0           0    100.0000           1           1      0.0000           0      1.0000           0      1.0000  
        13          21           0      250000.0000    220.0000    300.0000      5.7000    180.0000           1      0.0000      0.0000      0.0000      0.0000           0           0    100.0000           1           1      0.0000           0      1.0000           0      1.0000  
        14          22           0      250000.0000    200.0000    300.0000      4.6000    180.0000           2      0.0000      0.0000      0.0000      0.0000           0           0    100.0000           1           1      0.0000           0      1.0000           0      1.0000  
        15          23           0      250000.0000    210.0000    300.0000      4.6000    180.0000           2      0.0000      0.0000      0.0000      0.0000           0           0    100.0000           1           1      0.0000           1      1.0000           1      1.0000  
        16          25           0      250000.0000    270.0000    300.0000      4.6000    180.0000           1      0.0000      0.0000      0.0000      0.0000           0           0    100.0000           1           1      0.0000           0      1.0000           0      1.0000  
        17          26           0      250000.0000    240.0000    300.0000      5.7000    180.0000          64      0.0000      0.0000      0.0000      0.0000           0           0    100.0000           1           1      0.0000           0      1.0000           0      1.0000  
        18          27           0      250000.0000    200.0000    300.0000      5.7000    180.0000           1      0.0000      0.0000      0.0000      0.0000           0           0    100.0000           1           1      0.0000           0      1.0000           0      1.0000  
        19          28           0      250000.0000    170.0000    300.0000      4.6000    180.0000           2      0.0000      0.0000      0.0000      0.0000           0           0    100.0000           1           1      0.0000           1      1.0000           1      1.0000  
        20          29           0      250000.0000    160.0000    300.0000      8.5000    180.0000           4      0.0000      0.0000      0.0000      0.0000           0           0    100.0000           1           1      0.0000           1      1.0000           1      1.0000  
        21          30           0      250000.0000    280.0000    300.0000      4.6000    180.0000           1      0.0000      0.0000      0.0000      0.0000           0           0    100.0000           1           1      0.0000           0      1.0000           0      1.0000  
        22          31           0      250000.0000    250.0000    300.0000      5.7000    180.0000           4      0.0000      0.0000      0.0000      0.0000           0           0    100.0000           1           1      0.0000           0      1.0000           0      1.0000  
        23          32           0      250000.0000    210.0000    300.0000      5.7000    180.0000           1      0.0000      0.0000      0.0000      0.0000           0           0    100.0000           1           1      0.0000           0      1.0000           0      1.0000  
        24          33           0      250000.0000    160.0000    300.0000      6.8000    180.0000           1      0.0000      0.0000      0.0000      0.0000           0           0    100.0000           1           1      0.0000           1      1.0000           1      1.0000  
        25          34           0      250000.0000    120.0000    300.0000      6.8000    180.0000           2      0.0000      0.0000      0.0000      0.0000           0           0    100.0000           1           1      0.0000           1      1.0000           1      1.0000  
        26          36           0      250000.0000    240.0000    300.0000      9.1000    180.0000         128      0.0000      0.0000      0.0000      0.0000           0           0    100.0000           1           1      0.0000           0      1.0000           0      1.0000  

