
Meteorological stations: 
1
1
Prec.    
-9999  -9999  -9999  -9999
Temp.    
-9999  -9999  -9999  -9999

Common parameters: 
86400
1
1
1
1
1200
1
1
0
0
30
0.000313498
0.0127262
0
1
0.9
10000
0.2
0
0.05
0
0.2
0
0
0
0
0
0

Land surface parameters: 
0.000856467    0.00115088    0.8    0    0.877994    0.0110497    0.005    0.01    0.08    0.9    0
1  1  1  1  1  1  1  1  1  
0.000549262    0.00370552    0.8    0    0.395188    0.00259977    0.005    0.01    0.08    0.9    0
1  1  1  1  1  1  1  1  1  
0.000439634    0.000244979    0.8    0    0.71008    0.00396186    0.005    0.01    0.08    0.9    0
1  1  1  1  1  1  1  1  1  
0.000564966    0.00225927    0.8    0    0.261429    0.0559118    0.005    0.01    0.08    0.9    0
1  1  1  1  1  1  1  1  1  
0.000264963    3.64827e-06    0.8    0    1.24317    0.00533297    0.005    0.01    0.08    0.9    0
1  1  1  1  1  1  1  1  1  
0.000115028    0.00254861    0.8    0    -0.6735    0.00282273    0.005    0.01    0.08    0.9    0
1  1  1  1  1  1  1  1  1  
0.000115028    0.00254861    0.8    0    -0.6735    0.00282273    0.005    0.01    0.08    0.9    0
1  1  1  1  1  1  1  1  1  
0.000115028    0.00254861    0.8    0    -0.6735    0.00282273    0.005    0.01    0.08    0.9    0
1  1  1  1  1  1  1  1  1  
0.000115028    0.00254861    0.8    0    -0.6735    0.00282273    0.005    0.01    0.08    0.9    0
1  1  1  1  1  1  1  1  1  
0.000115028    0.00254861    0.8    0    -0.6735    0.00282273    0.005    0.01    0.08    0.9    0
1  1  1  1  1  1  1  1  1  
0.000115028    0.00254861    0.8    0    -0.6735    0.00282273    0.005    0.01    0.08    0.9    0
1  1  1  1  1  1  1  1  1  
0.000115028    0.00254861    0.8    0    -0.6735    0.00282273    0.005    0.01    0.08    0.9    0
1  1  1  1  1  1  1  1  1  
0.000115028    0.00254861    0.8    0    -0.6735    0.00282273    0.005    0.01    0.08    0.9    0
1  1  1  1  1  1  1  1  1  
0.000115028    0.00254861    0.8    0    -0.6735    0.00282273    0.005    0.01    0.08    0.9    0
1  1  1  1  1  1  1  1  1  
0.000115028    0.00254861    0.8    0    -0.6735    0.00282273    0.005    0.01    0.08    0.9    0
1  1  1  1  1  1  1  1  1  
0.000115028    0.00254861    0.8    0    -0.6735    0.00282273    0.005    0.01    0.08    0.9    0
1  1  1  1  1  1  1  1  1  
0.000115028    0.00254861    0.8    0    -0.6735    0.00282273    0.005    0.01    0.08    0.9    0
1  1  1  1  1  1  1  1  1  
0.000115028    0.00254861    0.8    0    -0.6735    0.00282273    0.005    0.01    0.08    0.9    0
1  1  1  1  1  1  1  1  1  
0.000115028    0.00254861    0.8    0    -0.6735    0.00282273    0.005    0.01    0.08    0.9    0
1  1  1  1  1  1  1  1  1  
0.000115028    0.00254861    0.8    0    -0.6735    0.00282273    0.005    0.01    0.08    0.9    0
1  1  1  1  1  1  1  1  1  
0.0005    0.0002    0.8    0    2    0.0051185    1.8    0.01    0.08    0.9    0
1  1  1  1  1  1  1  1  1  

HBV subsurface parameters: 
0.11145    1    1    50    0.0133251    1.05999    0.00767236    0.00267355    0
0.201548    1.03381    1    50    0.134967    1.15487    0.001    0.00192762    0
0.178779    1    1    50    0.560938    1.08502    0.00959584    0.0516375    0
0.05    1    1    50    0.002511    2    0.00386095    0.0044216    0
0.114528    1.8417    1    50    0.711717    1.83529    0.001    0.0107802    0
0.05    5    1    50    0.125393    1    0.00301781    0.013597    0
0.05    5    1    50    0.125393    1    0.00301781    0.013597    0
0.05    5    1    50    0.125393    1    0.00301781    0.013597    0
0.05    5    1    50    0.125393    1    0.00301781    0.013597    0
0.05    5    1    50    0.125393    1    0.00301781    0.013597    0
0.05    5    1    50    0.125393    1    0.00301781    0.013597    0
0.05    5    1    50    0.125393    1    0.00301781    0.013597    0
0.05    5    1    50    0.125393    1    0.00301781    0.013597    0
0.05    5    1    50    0.125393    1    0.00301781    0.013597    0
0.05    5    1    50    0.125393    1    0.00301781    0.013597    0
0.05    5    1    50    0.125393    1    0.00301781    0.013597    0
0.05    5    1    50    0.125393    1    0.00301781    0.013597    0
0.05    5    1    50    0.125393    1    0.00301781    0.013597    0
0.05    5    1    50    0.125393    1    0.00301781    0.013597    0
0.05    5    1    50    0.125393    1    0.00301781    0.013597    0
0.2    1    1    50    0.0741117    1    0.00635701    0.005302    0

KiWa subsurface parameters: 
0.8    45.1698    1.23875    0.7    0.07398    16.6    -8.2063    -15.5127    -1.41526    0.400505    0.06    0.9
0.8    45.1698    1.23875    0.7    0.07398    16.6    -8.2063    -15.5127    -1.41526    0.400505    0.06    0.8
0.8    45.1698    1.23875    0.7    0.07398    16.6    -8.2063    -15.5127    -1.41526    0.400505    0.06    0
0.8    45.1698    1.23875    0.7    0.07398    16.6    -8.2063    -15.5127    -1.41526    0.400505    0.06    0.9
0.8    45.1698    1.23875    0.7    0.07398    16.6    -8.2063    -15.5127    -1.41526    0.400505    0.06    0.9
0.8    45.1698    1.23875    0.7    0.07398    16.6    -8.2063    -15.5127    -1.41526    0.400505    0.06    0.9
0.8    45.1698    1.23875    0.7    0.07398    16.6    -8.2063    -15.5127    -1.41526    0.400505    0.06    0.9
0.8    45.1698    1.23875    0.7    0.07398    16.6    -8.2063    -15.5127    -1.41526    0.400505    0.06    0.9
0.8    45.1698    1.23875    0.7    0.07398    16.6    -8.2063    -15.5127    -1.41526    0.400505    0.06    0.8
0.8    45.1698    1.23875    0.7    0.07398    16.6    -8.2063    -15.5127    -1.41526    0.400505    0.06    0
0.8    45.1698    1.23875    0.7    0.07398    16.6    -8.2063    -15.5127    -1.41526    0.400505    0.06    0.9
0.8    45.1698    1.23875    0.7    0.07398    16.6    -8.2063    -15.5127    -1.41526    0.400505    0.06    0.9
0.8    45.1698    1.23875    0.7    0.07398    16.6    -8.2063    -15.5127    -1.41526    0.400505    0.06    0.9
0.8    45.1698    1.23875    0.7    0.07398    16.6    -8.2063    -15.5127    -1.41526    0.400505    0.06    0.9
0.8    45.1698    1.23875    0.7    0.07398    16.6    -8.2063    -15.5127    -1.41526    0.400505    0.06    0.9
0.8    45.1698    1.23875    0.7    0.07398    16.6    -8.2063    -15.5127    -1.41526    0.400505    0.06    0.8
0.8    45.1698    1.23875    0.7    0.07398    16.6    -8.2063    -15.5127    -1.41526    0.400505    0.06    0
0.8    45.1698    1.23875    0.7    0.07398    16.6    -8.2063    -15.5127    -1.41526    0.400505    0.06    0.9
0.8    45.1698    1.23875    0.7    0.07398    16.6    -8.2063    -15.5127    -1.41526    0.400505    0.06    0.9
0.8    45.1698    1.23875    0.7    0.07398    16.6    -8.2063    -15.5127    -1.41526    0.400505    0.06    0.9
0.8    45.1698    1.23875    0.7    0.07398    16.6    -8.2063    -15.5127    -1.41526    0.400505    0.06    0.9

Glacier retreat parameters: 
-0.02    0.12    0    6    -0.02    0.12    0    6    
Number of landscape elements selected for HBV time series output: 0


Number of landscape elements selected for KiWa time series output: 0

Number of sub-catchment elements selected for time series output: 9
2476808
1676814
1796840
1546868
1266897
1986867
1866876
1926898
2056871

Precipitation and temperature correction for catchments: 
0  2476808  1  0

    Sub-catchment :  1926898

    Nash-Sutcliffe efficiency                           0.33
    Root mean square error                              11.75
    Bias (volume error)                                 -0.64
    Volume error correction factor                      2.76
    Pearson's product-moment correlation coefficient    0.77


    Sub-catchment :  1266897

    Nash-Sutcliffe efficiency                           0.45
    Root mean square error                              14.39
    Bias (volume error)                                 -0.55
    Volume error correction factor                      2.21
    Pearson's product-moment correlation coefficient    0.80


    Sub-catchment :  1866876

    Nash-Sutcliffe efficiency                           0.62
    Root mean square error                              10.58
    Bias (volume error)                                 -0.44
    Volume error correction factor                      1.78
    Pearson's product-moment correlation coefficient    0.77


    Sub-catchment :  2056871

    Nash-Sutcliffe efficiency                           0.62
    Root mean square error                              30.32
    Bias (volume error)                                 -0.44
    Volume error correction factor                      1.80
    Pearson's product-moment correlation coefficient    0.85


    Sub-catchment :  1546868

    Nash-Sutcliffe efficiency                           0.73
    Root mean square error                              17.57
    Bias (volume error)                                 -0.16
    Volume error correction factor                      1.20
    Pearson's product-moment correlation coefficient    0.75


    Sub-catchment :  1986867

    Nash-Sutcliffe efficiency                           0.81
    Root mean square error                              50.35
    Bias (volume error)                                 -0.19
    Volume error correction factor                      1.24
    Pearson's product-moment correlation coefficient    0.85


    Sub-catchment :  1796840

    Nash-Sutcliffe efficiency                           0.73
    Root mean square error                              10.48
    Bias (volume error)                                 -0.17
    Volume error correction factor                      1.21
    Pearson's product-moment correlation coefficient    0.76


    Sub-catchment :  1676814

    Nash-Sutcliffe efficiency                           0.57
    Root mean square error                              6.58
    Bias (volume error)                                 -0.39
    Volume error correction factor                      1.63
    Pearson's product-moment correlation coefficient    0.75


    Sub-catchment :  2476808

    Nash-Sutcliffe efficiency                           0.74
    Root mean square error                              116.51
    Bias (volume error)                                 -0.22
    Volume error correction factor                      1.28
    Pearson's product-moment correlation coefficient    0.80


    Watercourse outlet :  2476808

    Nash-Sutcliffe efficiency                           0.74
    Root mean square error                              116.51
    Bias (volume error)                                 -0.22
    Volume error correction factor                      1.28
    Pearson's product-moment correlation coefficient    0.80


