losna_WateId
1626912
1636911
1646911
1656911
1666910
1676909
1976909
1686908
1966908
1696907
1956907
1276906
1706906
1946906
1266905
1716905
1936905
1246904
1256904
1696904
1706904
1716904
1726904
1936904
1246903
1666903
1676903
1686903
1736903
1926903
1256902
1646902
1656902
1746902
1756902
1766902
1776902
1926902
1256901
1616901
1626901
1636901
1786901
1796901
1806901
1816901
1826901
1836901
1916901
1256900
1596900
1606900
1846900
1856900
1916900
1106899
1256899
1576899
1586899
1866899
1876899
1926899
1986899
1996899
1106898
1116898
1126898
1266898
1536898
1546898
1556898
1566898
1886898
1926898
1966898
1976898
1126897
1136897
1146897
1266897
1516897
1526897
1886897
1896897
1906897
1916897
1926897
1936897
1946897
1956897
1146896
1156896
1166896
1176896
1206896
1216896
1226896
1236896
1246896
1266896
1906896
1146895
1186895
1196895
1256895
1266895
1916895
1126894
1136894
1276894
1926894
1276893
1926893
1276892
1936892
1276891
1946891
1276890
1956890
1276889
1286889
1966889
1266888
1276888
1286888
1296888
1306888
1316888
1976888
1256887
1326887
1336887
1846887
1976887
1236886
1246886
1346886
1476886
1486886
1856886
1986886
1136885
1146885
1156885
1166885
1176885
1186885
1196885
1206885
1216885
1226885
1346885
1466885
1476885
1486885
1496885
1856885
1986885
1276884
1286884
1296884
1306884
1316884
1326884
1356884
1476884
1486884
1506884
1856884
1986884
1246883
1256883
1266883
1336883
1346883
1356883
1366883
1376883
1386883
1396883
1406883
1506883
1856883
1986883
1216882
1226882
1236882
1346882
1416882
1516882
1726882
1736882
1746882
1756882
1766882
1776882
1786882
1796882
1856882
1996882
1206881
1346881
1426881
1436881
1446881
1516881
1686881
1696881
1706881
1716881
1806881
1816881
1846881
1996881
1196880
1336880
1456880
1516880
1826880
1836880
1846880
2006880
1196879
1326879
1466879
1516879
1846879
2016879
1186878
1326878
1476878
1486878
1496878
1506878
1516878
1526878
1536878
1546878
1556878
1846878
2026878
1176877
1316877
1476877
1566877
1576877
1856877
2036877
1176876
1306876
1476876
1586876
1866876
2046876
1166875
1456875
1466875
1596875
1706875
1716875
1726875
1876875
1886875
2056875
1156874
1446874
1606874
1636874
1646874
1656874
1666874
1676874
1686874
1696874
1736874
1746874
1896874
1906874
1916874
1926874
2066874
1116873
1126873
1136873
1146873
1156873
1436873
1616873
1626873
1756873
1796873
1886873
1896873
1906873
1916873
1936873
1946873
2066873
1426872
1606872
1766872
1776872
1786872
1796872
1806872
1816872
1826872
1836872
1846872
1856872
1866872
1876872
1956872
2066872
1426871
1586871
1596871
1826871
1956871
2056871
1416870
1556870
1566870
1576870
1826870
1966870
2066870
1556869
1816869
1826869
1976869
2076869
1546868
1816868
1986868
2086868
2096868
1546867
1806867
1986867
2106867
1536866
1806866
1816866
1986866
2116866
1526865
1806865
1816865
1996865
2006865
2126865
2186865
1516864
1806864
1816864
2016864
2026864
2126864
2136864
2146864
2156864
2166864
2176864
1516863
1806863
1816863
2036863
2066863
2076863
2126863
1506862
1526862
1806862
1816862
1826862
2046862
2056862
2086862
2126862
1416861
1426861
1436861
1446861
1456861
1496861
1526861
1816861
1826861
2096861
2126861
1406860
1466860
1476860
1486860
1536860
1776860
1816860
1976860
1986860
2106860
2116860
2126860
1396859
1456859
1536859
1746859
1756859
1766859
1786859
1796859
1806859
1816859
1956859
1966859
1996859
2006859
2126859
1386858
1446858
1536858
1726858
1736858
1936858
1946858
2016858
2126858
1376857
1426857
1436857
1536857
1926857
2026857
2126857
1366856
1376856
1406856
1416856
1536856
1926856
2036856
2126856
1346855
1366855
1396855
1536855
1926855
2046855
2116855
1356854
1386854
1526854
1926854
2056854
2116854
1386853
1526853
1676853
1686853
1696853
1706853
1716853
1726853
1736853
1746853
1756853
1896853
1906853
1916853
1926853
2066853
2116853
2186853
1516852
1766852
1856852
1866852
1876852
1886852
1926852
2076852
2116852
2196852
2326852
1516851
1776851
1846851
1926851
2086851
2116851
2196851
2336851
1506850
1786850
1846850
1926850
2096850
2106850
2116850
2196850
2346850
1796849
1806849
1836849
1936849
2126849
2186849
2346849
1816848
1826848
2136848
2146848
2166848
2176848
2186848
2196848
2336848
1826847
2156847
2206847
2336847
1806846
1816846
2216846
2336846
1796845
2206845
2336845
1796844
2206844
2336844
1786843
2206843
2336843
1776842
1786842
2206842
2336842
2436842
1766841
1776841
1786841
2206841
2346841
2436841
1726840
1736840
1746840
1756840
1796840
2216840
2356840
2436840
2486840
1716839
1776839
1786839
2196839
2206839
2216839
2226839
2236839
2366839
2436839
2486839
1766838
2106838
2116838
2126838
2186838
2246838
2256838
2366838
2436838
2476838
1756837
2096837
2136837
2146837
2156837
2166837
2176837
2266837
2276837
2376837
2436837
2476837
1756836
2086836
2286836
2296836
2376836
2436836
2466836
1746835
2056835
2066835
2076835
2086835
2306835
2376835
2436835
2466835
1736834
2046834
2316834
2326834
2376834
2436834
2446834
2466834
2046833
2326833
2336833
2346833
2356833
2366833
2376833
2386833
2426833
2456833
1946832
2036832
2396832
2406832
2416832
1886831
1896831
1906831
1916831
1926831
1936831
1956831
1966831
2026831
2406831
1886830
1976830
2016830
2416830
1886829
1986829
1996829
2006829
2016829
2426829
1876828
1996828
2016828
2426828
1866827
1996827
2026827
2036827
2426827
1856826
1986826
2046826
2436826
1796825
1806825
1816825
1826825
1836825
1846825
1976825
2436825
2516825
1786824
1976824
2436824
2526824
1436823
1976823
2436823
2456823
2466823
2476823
2526823
1446822
1456822
1976822
2436822
2446822
2486822
2496822
2506822
2526822
1456821
1466821
1976821
2436821
2516821
2526821
1466820
1476820
1486820
1976820
2436820
2536820
2546820
2556820
2566820
1486819
1496819
1506819
1516819
1526819
1536819
1546819
1986819
2446819
2576819
1516818
1526818
1536818
1546818
1556818
1566818
1576818
1586818
1986818
2446818
1586817
1596817
1606817
1616817
1626817
1846817
1856817
1866817
1876817
1886817
1896817
1906817
1976817
2446817
1596816
1606816
1616816
1626816
1636816
1646816
1656816
1826816
1836816
1876816
1886816
1896816
1906816
1916816
1976816
2446816
1636815
1656815
1706815
1796815
1806815
1816815
1886815
1896815
1906815
1916815
1926815
1936815
1946815
1956815
1966815
2456815
1666814
1676814
1686814
1706814
1716814
1726814
1796814
1896814
1906814
1926814
2456814
1676813
1696813
1706813
1716813
1726813
1736813
1776813
1786813
1796813
2466813
1706812
1726812
1736812
1746812
1766812
1776812
1786812
1796812
2476812
1736811
1746811
1756811
1766811
1776811
2476811
2476810
2476809
2476808
