
waterCourseElementIdentification orientert nord-sør: 
-9999  -9999  -9999  -9999  -9999  
-9999  -9999  -9999  -9999  -9999  
-9999  -9999  -9999  -9999  -9999  
-9999  -9999  80001  -9999  -9999  
-9999  80002  80003  -9999  -9999  
-9999  -9999  -9999  80004  -9999  
-9999  -9999  -9999  -9999  80005  
-9999  -9999  -9999  -9999  -9999  

lakeNumber orientert nord-sør: 
-9999  -9999  -9999  -9999  -9999  
-9999  -9999  -9999  -9999  -9999  
-9999  -9999  -9999  -9999  -9999  
-9999  -9999  -9999  -9999  -9999  
-9999  -9999  -9999  -9999  -9999  
-9999  -9999  -9999  -9999  -9999  
-9999  -9999  -9999  -9999  -9999  
-9999  -9999  -9999  -9999  -9999  

flowLandValue orientert nord-sør: 
    2      4  -9999  -9999  -9999  
    2      4      4  -9999  -9999  
    2      2      4  -9999  -9999  
    1      1      4      4  -9999  
    1      1      2      2  -9999  
    1     64      1      2      4  
    1      4      1      1      4  
-9999    128  -9999  -9999  -9999  

flowRiverValue orientert nord-sør: 
-9999  -9999  -9999  -9999  -9999  
-9999  -9999  -9999  -9999  -9999  
-9999  -9999  -9999  -9999  -9999  
-9999  -9999      4  -9999  -9999  
-9999      1      2  -9999  -9999  
-9999  -9999  -9999      2  -9999  
-9999  -9999  -9999  -9999      4  
-9999  -9999  -9999  -9999  -9999  

upLandFlow: 
         6         0         1
        11         5         6
        12         7
        16        15        10
        17        16        11        12
        21        26        20
        23        18
        26        25
        28        27
        29        23
        31        30
        32        36
        33        32
        34        33        29
        36        31

upStreamElement: 
        17        17
        21        21
        22        22   U        21         3   U        17         4
        28        28   U        22         2
        34        34   U        28         1

