Type    no.  SOIL_DEPTH  OV_PAR_1   OV_PAR_2      TSAT_0  EFF_POR     KSAT_0      A           DELTA       LAMBDA_KW   ROOT_DEPTH  WILT_POINT  EACT_PAR
SOIL_1    0  1.15705019  39.7398942 1.16589878    0.7     .064803025  19.4732715  -7.8377473  -18.891518  -1.1927919  .511325219  0.06        0.9
SOIL_2    1  1.15705019  39.7398942 1.16589878    0.7     .064803025  19.4732715  -7.8377473  -18.891518  -1.1927919  .511325219  0.06        0.9
SOIL_3    2  1.15705019  39.7398942 1.16589878    0.7     .064803025  19.4732715  -7.8377473  -18.891518  -1.1927919  .511325219  0.06        0.9
SOIL_4    3  1.15705019  39.7398942 1.16589878    0.7     .064803025  19.4732715  -7.8377473  -18.891518  -1.1927919  .511325219  0.06        0.9
SOIL_5    4  1.15705019  39.7398942 1.16589878    0.7     .064803025  19.4732715  -7.8377473  -18.891518  -1.1927919  .511325219  0.06        0.9
SOIL_6    5  1.15705019  39.7398942 1.16589878    0.7     .064803025  19.4732715  -7.8377473  -18.891518  -1.1927919  .511325219  0.06        0.9
SOIL_7    6  1.15705019  39.7398942 1.16589878    0.7     .064803025  19.4732715  -7.8377473  -18.891518  -1.1927919  .511325219  0.06        0.9
SOIL_8    7  1.15705019  39.7398942 1.16589878    0.7     .064803025  19.4732715  -7.8377473  -18.891518  -1.1927919  .511325219  0.06        0.9
SOIL_9    8  1.15705019  39.7398942 1.16589878    0.7     .064803025  19.4732715  -7.8377473  -18.891518  -1.1927919  .511325219  0.06        0.9
SOIL_10   9  1.15705019  39.7398942 1.16589878    0.7     .064803025  19.4732715  -7.8377473  -18.891518  -1.1927919  .511325219  0.06        0.9
SOIL_11  10  1.15705019  39.7398942 1.16589878    0.7     .064803025  19.4732715  -7.8377473  -18.891518  -1.1927919  .511325219  0.06        0.9
SOIL_12  11  1.15705019  39.7398942 1.16589878    0.7     .064803025  19.4732715  -7.8377473  -18.891518  -1.1927919  .511325219  0.06        0.9
SOIL_13  12  1.15705019  39.7398942 1.16589878    0.7     .064803025  19.4732715  -7.8377473  -18.891518  -1.1927919  .511325219  0.06        0.9
SOIL_14  13  1.15705019  39.7398942 1.16589878    0.7     .064803025  19.4732715  -7.8377473  -18.891518  -1.1927919  .511325219  0.06        0.9
SOIL_15  14  1.15705019  39.7398942 1.16589878    0.7     .064803025  19.4732715  -7.8377473  -18.891518  -1.1927919  .511325219  0.06        0.9
SOIL_16  15  1.15705019  39.7398942 1.16589878    0.7     .064803025  19.4732715  -7.8377473  -18.891518  -1.1927919  .511325219  0.06        0.9
SOIL_17  16  1.15705019  39.7398942 1.16589878    0.7     .064803025  19.4732715  -7.8377473  -18.891518  -1.1927919  .511325219  0.06        0.9
SOIL_18  17  1.15705019  39.7398942 1.16589878    0.7     .064803025  19.4732715  -7.8377473  -18.891518  -1.1927919  .511325219  0.06        0.9
SOIL_19  18  1.15705019  39.7398942 1.16589878    0.7     .064803025  19.4732715  -7.8377473  -18.891518  -1.1927919  .511325219  0.06        0.9
SOIL_20  19  1.15705019  39.7398942 1.16589878    0.7     .064803025  19.4732715  -7.8377473  -18.891518  -1.1927919  .511325219  0.06        0.9
GLACIER  20  1.15705019  39.7398942 1.16589878    0.7     .064803025  19.4732715  -7.8377473  -18.891518  -1.1927919  .511325219  0.06        0.9
