Type    no.  SOIL_DEPTH  OV_PAR_1   OV_PAR_2      TSAT_0  EFF_POR     KSAT_0      A           DELTA       LAMBDA_KW   ROOT_DEPTH  WILT_POINT  EACT_PAR
SOIL_1    0  1.08160879  40.4650062 1.19629972    0.7     .064945478  18.3507259  -7.4501660  -15.515161  -1.0422021  .306581162  0.06        0.9
SOIL_2    1  1.08160879  40.4650062 1.19629972    0.7     .064945478  18.3507259  -7.4501660  -15.515161  -1.0422021  .306581162  0.06        0.9
SOIL_3    2  1.08160879  40.4650062 1.19629972    0.7     .064945478  18.3507259  -7.4501660  -15.515161  -1.0422021  .306581162  0.06        0.9
SOIL_4    3  1.08160879  40.4650062 1.19629972    0.7     .064945478  18.3507259  -7.4501660  -15.515161  -1.0422021  .306581162  0.06        0.9
SOIL_5    4  1.08160879  40.4650062 1.19629972    0.7     .064945478  18.3507259  -7.4501660  -15.515161  -1.0422021  .306581162  0.06        0.9
SOIL_6    5  1.08160879  40.4650062 1.19629972    0.7     .064945478  18.3507259  -7.4501660  -15.515161  -1.0422021  .306581162  0.06        0.9
SOIL_7    6  1.08160879  40.4650062 1.19629972    0.7     .064945478  18.3507259  -7.4501660  -15.515161  -1.0422021  .306581162  0.06        0.9
SOIL_8    7  1.08160879  40.4650062 1.19629972    0.7     .064945478  18.3507259  -7.4501660  -15.515161  -1.0422021  .306581162  0.06        0.9
SOIL_9    8  1.08160879  40.4650062 1.19629972    0.7     .064945478  18.3507259  -7.4501660  -15.515161  -1.0422021  .306581162  0.06        0.9
SOIL_10   9  1.08160879  40.4650062 1.19629972    0.7     .064945478  18.3507259  -7.4501660  -15.515161  -1.0422021  .306581162  0.06        0.9
SOIL_11  10  1.08160879  40.4650062 1.19629972    0.7     .064945478  18.3507259  -7.4501660  -15.515161  -1.0422021  .306581162  0.06        0.9
SOIL_12  11  1.08160879  40.4650062 1.19629972    0.7     .064945478  18.3507259  -7.4501660  -15.515161  -1.0422021  .306581162  0.06        0.9
SOIL_13  12  1.08160879  40.4650062 1.19629972    0.7     .064945478  18.3507259  -7.4501660  -15.515161  -1.0422021  .306581162  0.06        0.9
SOIL_14  13  1.08160879  40.4650062 1.19629972    0.7     .064945478  18.3507259  -7.4501660  -15.515161  -1.0422021  .306581162  0.06        0.9
SOIL_15  14  1.08160879  40.4650062 1.19629972    0.7     .064945478  18.3507259  -7.4501660  -15.515161  -1.0422021  .306581162  0.06        0.9
SOIL_16  15  1.08160879  40.4650062 1.19629972    0.7     .064945478  18.3507259  -7.4501660  -15.515161  -1.0422021  .306581162  0.06        0.9
SOIL_17  16  1.08160879  40.4650062 1.19629972    0.7     .064945478  18.3507259  -7.4501660  -15.515161  -1.0422021  .306581162  0.06        0.9
SOIL_18  17  1.08160879  40.4650062 1.19629972    0.7     .064945478  18.3507259  -7.4501660  -15.515161  -1.0422021  .306581162  0.06        0.9
SOIL_19  18  1.08160879  40.4650062 1.19629972    0.7     .064945478  18.3507259  -7.4501660  -15.515161  -1.0422021  .306581162  0.06        0.9
SOIL_20  19  1.08160879  40.4650062 1.19629972    0.7     .064945478  18.3507259  -7.4501660  -15.515161  -1.0422021  .306581162  0.06        0.9
GLACIER  20  1.08160879  40.4650062 1.19629972    0.7     .064945478  18.3507259  -7.4501660  -15.515161  -1.0422021  .306581162  0.06        0.9
