
Meteorological stations: 
4
4
Prec.    
5608  0  0  205
5608  2500  0  205
5608  0  4000  205
5608  2500  4000  205
Temp.    
5608  0  0  205
5608  2500  0  205
5608  0  4000  205
5608  2500  4000  205

Common parameters: 
3600
1
1
1
1
0
0.797658
1
-3e-06
-3e-06
30
0.00010073
0.00246348
0
1
0.9
10000
0.1
0
0.05
0
0.2
0
0
0
0
0
0

Land surface parameters: 
3.75362e-05    1.26782e-05    0.8    -0.00083682    0.249624    0.0102693    1.5    0.01    0.08    0.9    0
1  1  1  1  1  1  1  1  1  
3.75362e-05    1.26782e-05    0.8    -0.00083682    0.249624    0.0102693    1.5    0.01    0.08    0.9    0
1  1  1  1  1  1  1  1  1  
3.75362e-05    1.26782e-05    0.8    -0.00083682    0.249624    0.0102693    1.5    0.01    0.08    0.9    0
1  1  1  1  1  1  1  1  1  
3.75362e-05    1.26782e-05    0.8    -0.00083682    0.249624    0.0102693    1.5    0.01    0.08    0.9    0
1  1  1  1  1  1  1  1  1  
3.75362e-05    1.26782e-05    0.8    -0.00083682    0.249624    0.0102693    1.5    0.01    0.08    0.9    0
1  1  1  1  1  1  1  1  1  
3.75362e-05    1.26782e-05    0.8    -0.00083682    0.249624    0.0102693    1.5    0.01    0.08    0.9    0
1  1  1  1  1  1  1  1  1  
3.75362e-05    1.26782e-05    0.8    -0.00083682    0.249624    0.0102693    1.5    0.01    0.08    0.9    0
1  1  1  1  1  1  1  1  1  
3.75362e-05    1.26782e-05    0.8    -0.00083682    0.249624    0.0102693    1.5    0.01    0.08    0.9    0
1  1  1  1  1  1  1  1  1  
3.75362e-05    1.26782e-05    0.8    -0.00083682    0.249624    0.0102693    1.5    0.01    0.08    0.9    0
1  1  1  1  1  1  1  1  1  
3.75362e-05    1.26782e-05    0.8    -0.00083682    0.249624    0.0102693    1.5    0.01    0.08    0.9    0
1  1  1  1  1  1  1  1  1  
3.75362e-05    1.26782e-05    0.8    -0.00083682    0.249624    0.0102693    1.5    0.01    0.08    0.9    0
1  1  1  1  1  1  1  1  1  
3.75362e-05    1.26782e-05    0.8    -0.00083682    0.249624    0.0102693    1.5    0.01    0.08    0.9    0
1  1  1  1  1  1  1  1  1  
3.75362e-05    1.26782e-05    0.8    -0.00083682    0.249624    0.0102693    1.5    0.01    0.08    0.9    0
1  1  1  1  1  1  1  1  1  
3.75362e-05    1.26782e-05    0.8    -0.00083682    0.249624    0.0102693    1.5    0.01    0.08    0.9    0
1  1  1  1  1  1  1  1  1  
3.75362e-05    1.26782e-05    0.8    -0.00083682    0.249624    0.0102693    1.5    0.01    0.08    0.9    0
1  1  1  1  1  1  1  1  1  
3.75362e-05    1.26782e-05    0.8    -0.00083682    0.249624    0.0102693    1.5    0.01    0.08    0.9    0
1  1  1  1  1  1  1  1  1  
3.75362e-05    1.26782e-05    0.8    -0.00083682    0.249624    0.0102693    1.5    0.01    0.08    0.9    0
1  1  1  1  1  1  1  1  1  
3.75362e-05    1.26782e-05    0.8    -0.00083682    0.249624    0.0102693    1.5    0.01    0.08    0.9    0
1  1  1  1  1  1  1  1  1  
3.75362e-05    1.26782e-05    0.8    -0.00083682    0.249624    0.0102693    1.5    0.01    0.08    0.9    0
1  1  1  1  1  1  1  1  1  
3.75362e-05    1.26782e-05    0.8    -0.00083682    0.249624    0.0102693    1.5    0.01    0.08    0.9    0
1  1  1  1  1  1  1  1  1  
3.75362e-05    1.26782e-05    0.8    -0.00083682    0.249624    0.0102693    1.5    0.01    0.08    0.9    0
1  1  1  1  1  1  1  1  1  

HBV subsurface parameters: 
0.3799    2    1    50    1    1.87403    0.0001    0.0130651    0
0.3799    2    1    50    1    1.87403    0.0001    0.0130651    0
0.3799    2    1    50    1    1.87403    0.0001    0.0130651    0
0.3799    2    1    50    1    1.87403    0.0001    0.0130651    0
0.3799    2    1    50    1    1.87403    0.0001    0.0130651    0
0.3799    2    1    50    1    1.87403    0.0001    0.0130651    0
0.3799    2    1    50    1    1.87403    0.0001    0.0130651    0
0.3799    2    1    50    1    1.87403    0.0001    0.0130651    0
0.3799    2    1    50    1    1.87403    0.0001    0.0130651    0
0.3799    2    1    50    1    1.87403    0.0001    0.0130651    0
0.3799    2    1    50    1    1.87403    0.0001    0.0130651    0
0.3799    2    1    50    1    1.87403    0.0001    0.0130651    0
0.3799    2    1    50    1    1.87403    0.0001    0.0130651    0
0.3799    2    1    50    1    1.87403    0.0001    0.0130651    0
0.3799    2    1    50    1    1.87403    0.0001    0.0130651    0
0.3799    2    1    50    1    1.87403    0.0001    0.0130651    0
0.3799    2    1    50    1    1.87403    0.0001    0.0130651    0
0.3799    2    1    50    1    1.87403    0.0001    0.0130651    0
0.3799    2    1    50    1    1.87403    0.0001    0.0130651    0
0.3799    2    1    50    1    1.87403    0.0001    0.0130651    0
0.3799    2    1    50    1    1.87403    0.0001    0.0130651    0

KiWa subsurface parameters: 
2.03519    26.8591    1.13128    0.7    0.0608021    20.672    -7.05215    -15.5184    -1.50345    0.347125    0.06    0.9
2.03519    26.8591    1.13128    0.7    0.0608021    20.672    -7.05215    -15.5184    -1.50345    0.347125    0.06    0.9
2.03519    26.8591    1.13128    0.7    0.0608021    20.672    -7.05215    -15.5184    -1.50345    0.347125    0.06    0.9
2.03519    26.8591    1.13128    0.7    0.0608021    20.672    -7.05215    -15.5184    -1.50345    0.347125    0.06    0.9
2.03519    26.8591    1.13128    0.7    0.0608021    20.672    -7.05215    -15.5184    -1.50345    0.347125    0.06    0.9
2.03519    26.8591    1.13128    0.7    0.0608021    20.672    -7.05215    -15.5184    -1.50345    0.347125    0.06    0.9
2.03519    26.8591    1.13128    0.7    0.0608021    20.672    -7.05215    -15.5184    -1.50345    0.347125    0.06    0.9
2.03519    26.8591    1.13128    0.7    0.0608021    20.672    -7.05215    -15.5184    -1.50345    0.347125    0.06    0.9
2.03519    26.8591    1.13128    0.7    0.0608021    20.672    -7.05215    -15.5184    -1.50345    0.347125    0.06    0.9
2.03519    26.8591    1.13128    0.7    0.0608021    20.672    -7.05215    -15.5184    -1.50345    0.347125    0.06    0.9
2.03519    26.8591    1.13128    0.7    0.0608021    20.672    -7.05215    -15.5184    -1.50345    0.347125    0.06    0.9
2.03519    26.8591    1.13128    0.7    0.0608021    20.672    -7.05215    -15.5184    -1.50345    0.347125    0.06    0.9
2.03519    26.8591    1.13128    0.7    0.0608021    20.672    -7.05215    -15.5184    -1.50345    0.347125    0.06    0.9
2.03519    26.8591    1.13128    0.7    0.0608021    20.672    -7.05215    -15.5184    -1.50345    0.347125    0.06    0.9
2.03519    26.8591    1.13128    0.7    0.0608021    20.672    -7.05215    -15.5184    -1.50345    0.347125    0.06    0.9
2.03519    26.8591    1.13128    0.7    0.0608021    20.672    -7.05215    -15.5184    -1.50345    0.347125    0.06    0.9
2.03519    26.8591    1.13128    0.7    0.0608021    20.672    -7.05215    -15.5184    -1.50345    0.347125    0.06    0.9
2.03519    26.8591    1.13128    0.7    0.0608021    20.672    -7.05215    -15.5184    -1.50345    0.347125    0.06    0.9
2.03519    26.8591    1.13128    0.7    0.0608021    20.672    -7.05215    -15.5184    -1.50345    0.347125    0.06    0.9
2.03519    26.8591    1.13128    0.7    0.0608021    20.672    -7.05215    -15.5184    -1.50345    0.347125    0.06    0.9
2.03519    26.8591    1.13128    0.7    0.0608021    20.672    -7.05215    -15.5184    -1.50345    0.347125    0.06    0.9

Glacier retreat parameters: 
-0.02    0.12    0    6    -0.02    0.12    0    6    
Number of landscape elements selected for HBV time series output: 3
10  -1.5  0.15
11  -1.5  0.15
14  -1.5  0.15


Number of landscape elements selected for KiWa time series output: 0

Number of sub-catchment elements selected for time series output: 3
80001
80002
80003

Precipitation and temperature correction for catchments: 
0  80003  1  0

    Sub-catchment :  80001

    Nash-Sutcliffe efficiency                           -9999.00
    Root mean square error                              -9999.00
    Bias (volume error)                                 -9999.00
    Volume error correction factor                      -0.00
    Pearson's product-moment correlation coefficient    -9999.00


    Sub-catchment :  80002

    Nash-Sutcliffe efficiency                           -9999.00
    Root mean square error                              -9999.00
    Bias (volume error)                                 -9999.00
    Volume error correction factor                      -0.00
    Pearson's product-moment correlation coefficient    -9999.00


    Sub-catchment :  80003

    Nash-Sutcliffe efficiency                           0.85
    Root mean square error                              0.13
    Bias (volume error)                                 -0.01
    Volume error correction factor                      1.01
    Pearson's product-moment correlation coefficient    0.85


    Watercourse outlet :  80003

    Nash-Sutcliffe efficiency                           0.85
    Root mean square error                              0.13
    Bias (volume error)                                 -0.01
    Volume error correction factor                      1.01
    Pearson's product-moment correlation coefficient    0.85


