Type    no.  SOIL_DEPTH  OV_PAR_1   OV_PAR_2      TSAT_0  EFF_POR     KSAT_0      A           DELTA       LAMBDA_KW   ROOT_DEPTH  WILT_POINT  EACT_PAR
SOIL_1    0  2.03519483  26.8590739 1.13127693    0.7     .060802114  20.6720019  -7.0521491  -15.518413  -1.5034549  .347124548  0.06        0.9
SOIL_2    1  2.03519483  26.8590739 1.13127693    0.7     .060802114  20.6720019  -7.0521491  -15.518413  -1.5034549  .347124548  0.06        0.9
SOIL_3    2  2.03519483  26.8590739 1.13127693    0.7     .060802114  20.6720019  -7.0521491  -15.518413  -1.5034549  .347124548  0.06        0.9
SOIL_4    3  2.03519483  26.8590739 1.13127693    0.7     .060802114  20.6720019  -7.0521491  -15.518413  -1.5034549  .347124548  0.06        0.9
SOIL_5    4  2.03519483  26.8590739 1.13127693    0.7     .060802114  20.6720019  -7.0521491  -15.518413  -1.5034549  .347124548  0.06        0.9
SOIL_6    5  2.03519483  26.8590739 1.13127693    0.7     .060802114  20.6720019  -7.0521491  -15.518413  -1.5034549  .347124548  0.06        0.9
SOIL_7    6  2.03519483  26.8590739 1.13127693    0.7     .060802114  20.6720019  -7.0521491  -15.518413  -1.5034549  .347124548  0.06        0.9
SOIL_8    7  2.03519483  26.8590739 1.13127693    0.7     .060802114  20.6720019  -7.0521491  -15.518413  -1.5034549  .347124548  0.06        0.9
SOIL_9    8  2.03519483  26.8590739 1.13127693    0.7     .060802114  20.6720019  -7.0521491  -15.518413  -1.5034549  .347124548  0.06        0.9
SOIL_10   9  2.03519483  26.8590739 1.13127693    0.7     .060802114  20.6720019  -7.0521491  -15.518413  -1.5034549  .347124548  0.06        0.9
SOIL_11  10  2.03519483  26.8590739 1.13127693    0.7     .060802114  20.6720019  -7.0521491  -15.518413  -1.5034549  .347124548  0.06        0.9
SOIL_12  11  2.03519483  26.8590739 1.13127693    0.7     .060802114  20.6720019  -7.0521491  -15.518413  -1.5034549  .347124548  0.06        0.9
SOIL_13  12  2.03519483  26.8590739 1.13127693    0.7     .060802114  20.6720019  -7.0521491  -15.518413  -1.5034549  .347124548  0.06        0.9
SOIL_14  13  2.03519483  26.8590739 1.13127693    0.7     .060802114  20.6720019  -7.0521491  -15.518413  -1.5034549  .347124548  0.06        0.9
SOIL_15  14  2.03519483  26.8590739 1.13127693    0.7     .060802114  20.6720019  -7.0521491  -15.518413  -1.5034549  .347124548  0.06        0.9
SOIL_16  15  2.03519483  26.8590739 1.13127693    0.7     .060802114  20.6720019  -7.0521491  -15.518413  -1.5034549  .347124548  0.06        0.9
SOIL_17  16  2.03519483  26.8590739 1.13127693    0.7     .060802114  20.6720019  -7.0521491  -15.518413  -1.5034549  .347124548  0.06        0.9
SOIL_18  17  2.03519483  26.8590739 1.13127693    0.7     .060802114  20.6720019  -7.0521491  -15.518413  -1.5034549  .347124548  0.06        0.9
SOIL_19  18  2.03519483  26.8590739 1.13127693    0.7     .060802114  20.6720019  -7.0521491  -15.518413  -1.5034549  .347124548  0.06        0.9
SOIL_20  19  2.03519483  26.8590739 1.13127693    0.7     .060802114  20.6720019  -7.0521491  -15.518413  -1.5034549  .347124548  0.06        0.9
GLACIER  20  2.03519483  26.8590739 1.13127693    0.7     .060802114  20.6720019  -7.0521491  -15.518413  -1.5034549  .347124548  0.06        0.9
