
Meteorological stations: 
4
4
Prec.    
5608  0  0  205
5608  2500  0  205
5608  0  4000  205
5608  2500  4000  205
Temp.    
5608  0  0  205
5608  2500  0  205
5608  0  4000  205
5608  2500  4000  205

Common parameters: 
3600
1
1
1
1
0
1
1
0
0
30
0.00010073
0.00246348
0
1
10000
0.9
0.1
0
0.05
0
0.2
0
0
0
0
0
0

Land surface parameters: 
0.0001    9.15724e-05    0.8    0    -0.0274    0.0111468    0.005    0.01    0.08    0.9    0
1  1  1  1  1  1  1  1  1  
0    0    0    0    -0.0274    0.0111468    0.005    0.01    0.08    0.9    0.3
0.435384  0.531811  0.635808  0.769728  0.965134  1.16842  1.39691  1.70629  2.56812  
0.0001    2e-05    0.8    0    -0.0274    0.0111468    0.005    0.01    0.08    0.9    0
1  1  1  1  1  1  1  1  1  
0    0    0    0    -0.0274    0.0111468    0.005    0.01    0.08    0.9    0
1  1  1  1  1  1  1  1  1  
0.0001    9.15724e-05    0.8    0    -0.0274    0.0111468    0.005    0.01    0.08    0.9    0
1  1  1  1  1  1  1  1  1  
0.0001    9.15724e-05    0.8    0    -0.0274    0.0111468    0.005    0.01    0.08    0.9    0
1  1  1  1  1  1  1  1  1  
0.0001    9.15724e-05    0.8    0    -0.0274    0.0111468    0.005    0.01    0.08    0.9    0
1  1  1  1  1  1  1  1  1  
0.0001    9.15724e-05    0.8    0    -0.0274    0.0111468    0.005    0.01    0.08    0.9    0
1  1  1  1  1  1  1  1  1  
0.0001    9.15724e-05    0.8    0    -0.0274    0.0111468    0.005    0.01    0.08    0.9    0
1  1  1  1  1  1  1  1  1  
0.0001    9.15724e-05    0.8    0    -0.0274    0.0111468    0.005    0.01    0.08    0.9    0
1  1  1  1  1  1  1  1  1  
0.0001    9.15724e-05    0.8    0    -0.0274    0.0111468    0.005    0.01    0.08    0.9    0
1  1  1  1  1  1  1  1  1  
0.0001    9.15724e-05    0.8    0    -0.0274    0.0111468    0.005    0.01    0.08    0.9    0
1  1  1  1  1  1  1  1  1  
0.0001    9.15724e-05    0.8    0    -0.0274    0.0111468    0.005    0.01    0.08    0.9    0
1  1  1  1  1  1  1  1  1  
0.0001    9.15724e-05    0.8    0    -0.0274    0.0111468    0.005    0.01    0.08    0.9    0
1  1  1  1  1  1  1  1  1  
0.0001    9.15724e-05    0.8    0    -0.0274    0.0111468    0.005    0.01    0.08    0.9    0
1  1  1  1  1  1  1  1  1  
0.0001    9.15724e-05    0.8    0    -0.0274    0.0111468    0.005    0.01    0.08    0.9    0
1  1  1  1  1  1  1  1  1  
0.0001    9.15724e-05    0.8    0    -0.0274    0.0111468    0.005    0.01    0.08    0.9    0
1  1  1  1  1  1  1  1  1  
0.0001    9.15724e-05    0.8    0    -0.0274    0.0111468    0.005    0.01    0.08    0.9    0
1  1  1  1  1  1  1  1  1  
0.0001    9.15724e-05    0.8    0    -0.0274    0.0111468    0.005    0.01    0.08    0.9    0
1  1  1  1  1  1  1  1  1  
0.0001    9.15724e-05    0.8    0    -0.0274    0.0111468    0.005    0.01    0.08    0.9    0
1  1  1  1  1  1  1  1  1  
0.0001    9.15724e-05    0.8    0    -0.0274    0.0111468    0.005    0.01    0.08    0.9    0
1  1  1  1  1  1  1  1  1  

HBV subsurface parameters: 
0.3799    2    1    50    1    1.87403    0.0001    0.0130651    0
0.3799    2    1    50    1    1.87403    0.0001    0.0130651    0
0.3799    2    1    50    1    1.87403    0.0001    0.0130651    0
0.3799    2    1    50    1    1.87403    0.0001    0.0130651    0
0.3799    2    1    50    1    1.87403    0.0001    0.0130651    0
0.3799    2    1    50    1    1.87403    0.0001    0.0130651    0
0.3799    2    1    50    1    1.87403    0.0001    0.0130651    0
0.3799    2    1    50    1    1.87403    0.0001    0.0130651    0
0.3799    2    1    50    1    1.87403    0.0001    0.0130651    0
0.3799    2    1    50    1    1.87403    0.0001    0.0130651    0
0.3799    2    1    50    1    1.87403    0.0001    0.0130651    0
0.3799    2    1    50    1    1.87403    0.0001    0.0130651    0
0.3799    2    1    50    1    1.87403    0.0001    0.0130651    0
0.3799    2    1    50    1    1.87403    0.0001    0.0130651    0
0.3799    2    1    50    1    1.87403    0.0001    0.0130651    0
0.3799    2    1    50    1    1.87403    0.0001    0.0130651    0
0.3799    2    1    50    1    1.87403    0.0001    0.0130651    0
0.3799    2    1    50    1    1.87403    0.0001    0.0130651    0
0.3799    2    1    50    1    1.87403    0.0001    0.0130651    0
0.3799    2    1    50    1    1.87403    0.0001    0.0130651    0
0.3799    2    1    50    1    1.87403    0.0001    0.0130651    0

KiWa subsurface parameters: 
0.8    45.1698    1.23875    0.7    0.07398    16.6    -8.2063    -15.5127    -1.41526    0.400505    0.06    0.9
0.8    45.1698    1.23875    0.7    0.07398    16.6    -8.2063    -15.5127    -1.41526    0.400505    0.06    0
0.8    45.1698    1.23875    0.7    0.07398    16.6    -8.2063    -15.5127    -1.41526    0.400505    0.06    0.8
0.8    45.1698    1.23875    0.7    0.07398    16.6    -8.2063    -15.5127    -1.41526    0.400505    0.06    0
0.8    45.1698    1.23875    0.7    0.07398    16.6    -8.2063    -15.5127    -1.41526    0.400505    0.06    0.9
0.8    45.1698    1.23875    0.7    0.07398    16.6    -8.2063    -15.5127    -1.41526    0.400505    0.06    0.9
0.8    45.1698    1.23875    0.7    0.07398    16.6    -8.2063    -15.5127    -1.41526    0.400505    0.06    0.9
0.8    45.1698    1.23875    0.7    0.07398    16.6    -8.2063    -15.5127    -1.41526    0.400505    0.06    0.9
0.8    45.1698    1.23875    0.7    0.07398    16.6    -8.2063    -15.5127    -1.41526    0.400505    0.06    0
0.8    45.1698    1.23875    0.7    0.07398    16.6    -8.2063    -15.5127    -1.41526    0.400505    0.06    0.8
0.8    45.1698    1.23875    0.7    0.07398    16.6    -8.2063    -15.5127    -1.41526    0.400505    0.06    0
0.8    45.1698    1.23875    0.7    0.07398    16.6    -8.2063    -15.5127    -1.41526    0.400505    0.06    0.9
0.8    45.1698    1.23875    0.7    0.07398    16.6    -8.2063    -15.5127    -1.41526    0.400505    0.06    0.9
0.8    45.1698    1.23875    0.7    0.07398    16.6    -8.2063    -15.5127    -1.41526    0.400505    0.06    0.9
0.8    45.1698    1.23875    0.7    0.07398    16.6    -8.2063    -15.5127    -1.41526    0.400505    0.06    0.9
0.8    45.1698    1.23875    0.7    0.07398    16.6    -8.2063    -15.5127    -1.41526    0.400505    0.06    0
0.8    45.1698    1.23875    0.7    0.07398    16.6    -8.2063    -15.5127    -1.41526    0.400505    0.06    0.8
0.8    45.1698    1.23875    0.7    0.07398    16.6    -8.2063    -15.5127    -1.41526    0.400505    0.06    0
0.8    45.1698    1.23875    0.7    0.07398    16.6    -8.2063    -15.5127    -1.41526    0.400505    0.06    0.9
0.8    45.1698    1.23875    0.7    0.07398    16.6    -8.2063    -15.5127    -1.41526    0.400505    0.06    0.9
0.8    45.1698    1.23875    0.7    0.07398    16.6    -8.2063    -15.5127    -1.41526    0.400505    0.06    0.9

Glacier retreat parameters: 
-0.02    0.12    0    6    -0.02    0.12    0    6    
Number of landscape elements selected for HBV time series output: 2
1  -1.5  0.15
13  -1.5  0.15


Number of landscape elements selected for KiWa time series output: 2
0  0.5  1
12  0.5  1

Number of sub-catchment elements selected for time series output: 3
80001
80002
80003

Precipitation and temperature correction for catchments: 
0  80003  1  0

    Sub-catchment :  80001

    Nash-Sutcliffe efficiency                           -9999.00
    Root mean square error                              -9999.00
    Bias (volume error)                                 -9999.00
    Volume error correction factor                      -0.00
    Pearson's product-moment correlation coefficient    -9999.00


    Sub-catchment :  80002

    Nash-Sutcliffe efficiency                           -9999.00
    Root mean square error                              -9999.00
    Bias (volume error)                                 -9999.00
    Volume error correction factor                      -0.00
    Pearson's product-moment correlation coefficient    -9999.00


    Sub-catchment :  80003

    Nash-Sutcliffe efficiency                           0.80
    Root mean square error                              0.16
    Bias (volume error)                                 0.00
    Volume error correction factor                      1.00
    Pearson's product-moment correlation coefficient    0.82


    Watercourse outlet :  80003

    Nash-Sutcliffe efficiency                           0.80
    Root mean square error                              0.16
    Bias (volume error)                                 0.00
    Volume error correction factor                      1.00
    Pearson's product-moment correlation coefficient    0.82


