
Meteorological stations: 
1
1
Prec.    
-9999  -9999  -9999  -9999
Temp.    
-9999  -9999  -9999  -9999

Common parameters: 
86400
1
1
1
1
0
1
1
0
0
30
0.000410177
0.1
0
1
100000
0.9
0.2
0
0.05
0
0.2
0
0
0
0
0
0

Land surface parameters: 
0.000444344    0.000372888    0.8    0    -0.730457    0.00301275    0.005    0.01    0.08    0.9    0
1  1  1  1  1  1  1  1  1  
0.000569508    2.94351e-06    0.8    0    1.56846    0.0169968    0.005    0.01    0.08    0.9    0
1  1  1  1  1  1  1  1  1  
0.000444344    0.000372888    0.8    0    -0.730457    0.00301275    0.005    0.01    0.08    0.9    0
1  1  1  1  1  1  1  1  1  
0.000444344    0.000372888    0.8    0    -0.730457    0.00301275    0.005    0.01    0.08    0.9    0
1  1  1  1  1  1  1  1  1  
0.000444344    0.000372888    0.8    0    -0.730457    0.00301275    0.005    0.01    0.08    0.9    0
1  1  1  1  1  1  1  1  1  
0.000444344    0.000372888    0.8    0    -0.730457    0.00301275    0.005    0.01    0.08    0.9    0
1  1  1  1  1  1  1  1  1  
0.000444344    0.000372888    0.8    0    -0.730457    0.00301275    0.005    0.01    0.08    0.9    0
1  1  1  1  1  1  1  1  1  
0.000444344    0.000372888    0.8    0    -0.730457    0.00301275    0.005    0.01    0.08    0.9    0
1  1  1  1  1  1  1  1  1  
0.000444344    0.000372888    0.8    0    -0.730457    0.00301275    0.005    0.01    0.08    0.9    0
1  1  1  1  1  1  1  1  1  
0.000444344    0.000372888    0.8    0    -0.730457    0.00301275    0.005    0.01    0.08    0.9    0
1  1  1  1  1  1  1  1  1  
0.000444344    0.000372888    0.8    0    -0.730457    0.00301275    0.005    0.01    0.08    0.9    0
1  1  1  1  1  1  1  1  1  
0.000444344    0.000372888    0.8    0    -0.730457    0.00301275    0.005    0.01    0.08    0.9    0
1  1  1  1  1  1  1  1  1  
0.000444344    0.000372888    0.8    0    -0.730457    0.00301275    0.005    0.01    0.08    0.9    0
1  1  1  1  1  1  1  1  1  
0.000444344    0.000372888    0.8    0    -0.730457    0.00301275    0.005    0.01    0.08    0.9    0
1  1  1  1  1  1  1  1  1  
0.000444344    0.000372888    0.8    0    -0.730457    0.00301275    0.005    0.01    0.08    0.9    0
1  1  1  1  1  1  1  1  1  
0.000444344    0.000372888    0.8    0    -0.730457    0.00301275    0.005    0.01    0.08    0.9    0
1  1  1  1  1  1  1  1  1  
0.000444344    0.000372888    0.8    0    -0.730457    0.00301275    0.005    0.01    0.08    0.9    0
1  1  1  1  1  1  1  1  1  
0.000444344    0.000372888    0.8    0    -0.730457    0.00301275    0.005    0.01    0.08    0.9    0
1  1  1  1  1  1  1  1  1  
0.000444344    0.000372888    0.8    0    -0.730457    0.00301275    0.005    0.01    0.08    0.9    0
1  1  1  1  1  1  1  1  1  
0.000444344    0.000372888    0.8    0    -0.730457    0.00301275    0.005    0.01    0.08    0.9    0
1  1  1  1  1  1  1  1  1  
0.000444344    0.000372888    0.8    0    -0.730457    0.00301275    0.005    0.01    0.08    0.9    0
1  1  1  1  1  1  1  1  1  

HBV subsurface parameters: 
0.248818    1    1    50    0.56973    0.848448    0.00907175    0.1    0
0.134521    1    1.91525    50    0.124039    0.667241    0.001    0.012002    0
0.248818    1    1    50    0.56973    0.848448    0.00907175    0.1    0
0.248818    1    1    50    0.56973    0.848448    0.00907175    0.1    0
0.248818    1    1    50    0.56973    0.848448    0.00907175    0.1    0
0.248818    1    1    50    0.56973    0.848448    0.00907175    0.1    0
0.248818    1    1    50    0.56973    0.848448    0.00907175    0.1    0
0.248818    1    1    50    0.56973    0.848448    0.00907175    0.1    0
0.248818    1    1    50    0.56973    0.848448    0.00907175    0.1    0
0.248818    1    1    50    0.56973    0.848448    0.00907175    0.1    0
0.248818    1    1    50    0.56973    0.848448    0.00907175    0.1    0
0.248818    1    1    50    0.56973    0.848448    0.00907175    0.1    0
0.248818    1    1    50    0.56973    0.848448    0.00907175    0.1    0
0.248818    1    1    50    0.56973    0.848448    0.00907175    0.1    0
0.248818    1    1    50    0.56973    0.848448    0.00907175    0.1    0
0.248818    1    1    50    0.56973    0.848448    0.00907175    0.1    0
0.248818    1    1    50    0.56973    0.848448    0.00907175    0.1    0
0.248818    1    1    50    0.56973    0.848448    0.00907175    0.1    0
0.248818    1    1    50    0.56973    0.848448    0.00907175    0.1    0
0.248818    1    1    50    0.56973    0.848448    0.00907175    0.1    0
0.248818    1    1    50    0.56973    0.848448    0.00907175    0.1    0

KiWa subsurface parameters: 
0.8    45.1698    1.23875    0.7    0.07398    16.6    -8.2063    -15.5127    -1.41526    0.400505    0.06    0.9
0.8    45.1698    1.23875    0.7    0.07398    16.6    -8.2063    -15.5127    -1.41526    0.400505    0.06    0.8
0.8    45.1698    1.23875    0.7    0.07398    16.6    -8.2063    -15.5127    -1.41526    0.400505    0.06    0
0.8    45.1698    1.23875    0.7    0.07398    16.6    -8.2063    -15.5127    -1.41526    0.400505    0.06    0.9
0.8    45.1698    1.23875    0.7    0.07398    16.6    -8.2063    -15.5127    -1.41526    0.400505    0.06    0.9
0.8    45.1698    1.23875    0.7    0.07398    16.6    -8.2063    -15.5127    -1.41526    0.400505    0.06    0.9
0.8    45.1698    1.23875    0.7    0.07398    16.6    -8.2063    -15.5127    -1.41526    0.400505    0.06    0.9
0.8    45.1698    1.23875    0.7    0.07398    16.6    -8.2063    -15.5127    -1.41526    0.400505    0.06    0.9
0.8    45.1698    1.23875    0.7    0.07398    16.6    -8.2063    -15.5127    -1.41526    0.400505    0.06    0.8
0.8    45.1698    1.23875    0.7    0.07398    16.6    -8.2063    -15.5127    -1.41526    0.400505    0.06    0
0.8    45.1698    1.23875    0.7    0.07398    16.6    -8.2063    -15.5127    -1.41526    0.400505    0.06    0.9
0.8    45.1698    1.23875    0.7    0.07398    16.6    -8.2063    -15.5127    -1.41526    0.400505    0.06    0.9
0.8    45.1698    1.23875    0.7    0.07398    16.6    -8.2063    -15.5127    -1.41526    0.400505    0.06    0.9
0.8    45.1698    1.23875    0.7    0.07398    16.6    -8.2063    -15.5127    -1.41526    0.400505    0.06    0.9
0.8    45.1698    1.23875    0.7    0.07398    16.6    -8.2063    -15.5127    -1.41526    0.400505    0.06    0.9
0.8    45.1698    1.23875    0.7    0.07398    16.6    -8.2063    -15.5127    -1.41526    0.400505    0.06    0.8
0.8    45.1698    1.23875    0.7    0.07398    16.6    -8.2063    -15.5127    -1.41526    0.400505    0.06    0
0.8    45.1698    1.23875    0.7    0.07398    16.6    -8.2063    -15.5127    -1.41526    0.400505    0.06    0.9
0.8    45.1698    1.23875    0.7    0.07398    16.6    -8.2063    -15.5127    -1.41526    0.400505    0.06    0.9
0.8    45.1698    1.23875    0.7    0.07398    16.6    -8.2063    -15.5127    -1.41526    0.400505    0.06    0.9
0.8    45.1698    1.23875    0.7    0.07398    16.6    -8.2063    -15.5127    -1.41526    0.400505    0.06    0.9

Glacier retreat parameters: 
-0.02    0.12    0    6    -0.02    0.12    0    6    
Number of landscape elements selected for HBV time series output: 1
0  -1.5  0.15


Number of landscape elements selected for KiWa time series output: 0

Number of sub-catchment elements selected for time series output: 2
1220009
1220011

Precipitation and temperature correction for catchments: 
0  1220009  0.960827  -0.77427
1  1220011  0.961137  -0.819779

    Sub-catchment :  1220009

    Nash-Sutcliffe efficiency                           0.89
    Root mean square error                              38.59
    Bias (volume error)                                 0.03
    Volume error correction factor                      0.97
    Pearson's product-moment correlation coefficient    0.89


    Sub-catchment :  1220011

    Nash-Sutcliffe efficiency                           0.86
    Root mean square error                              9.95
    Bias (volume error)                                 0.04
    Volume error correction factor                      0.96
    Pearson's product-moment correlation coefficient    0.89


    Watercourse outlet :  1220009

    Nash-Sutcliffe efficiency                           0.89
    Root mean square error                              38.59
    Bias (volume error)                                 0.03
    Volume error correction factor                      0.97
    Pearson's product-moment correlation coefficient    0.89


