ncols         1195
nrows         1550
xllcorner     -75000
yllcorner     6.45e+06
cellsize      1000
NODATA_value  -9999
# Number of landscape elements :  10
  0     0     0    307900000.0    250.0    300.0    5.0   180.0  2   0.0      0.0    250.0    250.0     1     1    100.0    0     0      0.0      0  0.3    1  0.4    2  0.3        0  0.3    1  0.4    2  0.3   
  1     1     0    307900000.0   1061.0    300.0    5.0   180.0  2   0.0      0.0   1061.0   1061.0     1     1    100.0    0     0      0.0      0  0.3    1  0.4    2  0.3        0  0.3    1  0.4    2  0.3   
  2     2     0    307900000.0   1154.0    300.0    5.0   180.0  2   4.0      0.0   1154.0   1154.0     1     1     96.0    0     0      0.0      0  0.3    1  0.4    2  0.3        0  0.3    1  0.4    2  0.3   
  3     3     0    307900000.0   1216.0    300.0    5.0   180.0  2   0.0      0.0   1216.0   1216.0     1     1    100.0    0     0      0.0      0  0.3    1  0.4    2  0.3        0  0.3    1  0.4    2  0.3   
  4     4     0    307900000.0   1270.0    300.0    5.0   180.0  2   0.0      0.0   1270.0   1270.0     1     1    100.0    0     0      0.0      0  0.3    1  0.4    2  0.3        0  0.3    1  0.4    2  0.3   
  5     5     0    307900000.0   1301.0    300.0    5.0   180.0  2   0.0      0.0   1301.0   1301.0     2     2    100.0    0     0      0.0      0  0.3    1  0.4    2  0.3        0  0.3    1  0.4    2  0.3   
  6     6     0    307900000.0   1325.0    300.0    5.0   180.0  2   1.0      0.0   1325.0   1325.0     2     2     99.0    0     0      0.0      0  0.3    1  0.4    2  0.3        0  0.3    1  0.4    2  0.3   
  7     7     0    307900000.0   1356.0    300.0    5.0   180.0  2   1.0      0.0   1356.0   1356.0     2     2     99.0    0     0      0.0      0  0.3    1  0.4    2  0.3        0  0.3    1  0.4    2  0.3   
  8     8     0    307900000.0   1402.0    300.0    5.0   180.0  2   3.0      0.0   1402.0   1402.0     2     2     97.0    0     0      0.0      0  0.3    1  0.4    2  0.3        0  0.3    1  0.4    2  0.3   
  9     9     0    307900000.0   1557.0    300.0    5.0   180.0  2   0.0      0.0   1557.0   1557.0     2     2    100.0    0     0      0.0      0  0.3    1  0.4    2  0.3        0  0.3    1  0.4    2  0.3   
