# Number of watercourse hierarchy elements:  808
0 : 1626912  -9999  1.0  1.0  
1 : 1636911  -9999  1.0  1.0  
2 : 1646911  -9999  1.0  1.0  
3 : 1656911  -9999  1.0  1.0  
4 : 1666910  -9999  1.0  1.0  
5 : 1676909  -9999  1.0  1.0  
6 : 1976909  -9999  1.0  1.0  
7 : 1686908  -9999  1.0  1.0  
8 : 1966908  -9999  1.0  1.0  
9 : 1696907  -9999  1.0  1.0  
10 : 1956907  -9999  1.0  1.0  
11 : 1276906  -9999  1.0  1.0  
12 : 1706906  -9999  1.0  1.0  
13 : 1946906  -9999  1.0  1.0  
14 : 1266905  -9999  1.0  1.0  
15 : 1716905  -9999  1.0  1.0  
16 : 1936905  -9999  1.0  1.0  
17 : 1246904  -9999  1.0  1.0  
18 : 1256904  -9999  1.0  1.0  
19 : 1696904  -9999  1.0  1.0  
20 : 1706904  -9999  1.0  1.0  
21 : 1716904  -9999  1.0  1.0  
22 : 1726904  -9999  1.0  1.0  
23 : 1936904  -9999  1.0  1.0  
24 : 1246903  -9999  1.0  1.0  
25 : 1666903  -9999  1.0  1.0  
26 : 1676903  -9999  1.0  1.0  
27 : 1686903  -9999  1.0  1.0  
28 : 1736903  -9999  1.0  1.0  
29 : 1926903  -9999  1.0  1.0  
30 : 1256902  -9999  1.0  1.0  
31 : 1646902  -9999  1.0  1.0  
32 : 1656902  -9999  1.0  1.0  
33 : 1746902  -9999  1.0  1.0  
34 : 1756902  -9999  1.0  1.0  
35 : 1766902  -9999  1.0  1.0  
36 : 1776902  -9999  1.0  1.0  
37 : 1926902  -9999  1.0  1.0  
38 : 1256901  -9999  1.0  1.0  
39 : 1616901  -9999  1.0  1.0  
40 : 1626901  -9999  1.0  1.0  
41 : 1636901  -9999  1.0  1.0  
42 : 1786901  -9999  1.0  1.0  
43 : 1796901  -9999  1.0  1.0  
44 : 1806901  -9999  1.0  1.0  
45 : 1816901  -9999  1.0  1.0  
46 : 1826901  -9999  1.0  1.0  
47 : 1836901  -9999  1.0  1.0  
48 : 1916901  -9999  1.0  1.0  
49 : 1256900  -9999  1.0  1.0  
50 : 1596900  -9999  1.0  1.0  
51 : 1606900  -9999  1.0  1.0  
52 : 1846900  -9999  1.0  1.0  
53 : 1856900  -9999  1.0  1.0  
54 : 1916900  -9999  1.0  1.0  
55 : 1106899  1  1.0  1.0  
56 : 1256899  -9999  1.0  1.0  
57 : 1576899  -9999  1.0  1.0  
58 : 1586899  -9999  1.0  1.0  
59 : 1866899  -9999  1.0  1.0  
60 : 1876899  -9999  1.0  1.0  
61 : 1926899  -9999  1.0  1.0  
62 : 1986899  -9999  1.0  1.0  
63 : 1996899  -9999  1.0  1.0  
64 : 1106898  1  1.0  1.0  
65 : 1116898  1  1.0  1.0  
66 : 1126898  1  1.0  1.0  
67 : 1266898  -9999  1.0  1.0  
68 : 1536898  -9999  1.0  1.0  
69 : 1546898  -9999  1.0  1.0  
70 : 1556898  -9999  1.0  1.0  
71 : 1566898  -9999  1.0  1.0  
72 : 1886898  -9999  1.0  1.0  
73 : 1926898  -9999  1.0  1.0  
74 : 1966898  -9999  1.0  1.0  
75 : 1976898  -9999  1.0  1.0  
76 : 1126897  1  1.0  1.0  
77 : 1136897  1  1.0  1.0  
78 : 1146897  -9999  1.0  1.0  
79 : 1266897  -9999  1.0  1.0  
80 : 1516897  -9999  1.0  1.0  
81 : 1526897  -9999  1.0  1.0  
82 : 1886897  -9999  1.0  1.0  
83 : 1896897  -9999  1.0  1.0  
84 : 1906897  -9999  1.0  1.0  
85 : 1916897  -9999  1.0  1.0  
86 : 1926897  -9999  1.0  1.0  
87 : 1936897  -9999  1.0  1.0  
88 : 1946897  -9999  1.0  1.0  
89 : 1956897  -9999  1.0  1.0  
90 : 1146896  -9999  1.0  1.0  
91 : 1156896  -9999  1.0  1.0  
92 : 1166896  -9999  1.0  1.0  
93 : 1176896  -9999  1.0  1.0  
94 : 1206896  -9999  1.0  1.0  
95 : 1216896  -9999  1.0  1.0  
96 : 1226896  -9999  1.0  1.0  
97 : 1236896  -9999  1.0  1.0  
98 : 1246896  -9999  1.0  1.0  
99 : 1266896  -9999  1.0  1.0  
100 : 1906896  -9999  1.0  1.0  
101 : 1146895  -9999  1.0  1.0  
102 : 1186895  -9999  1.0  1.0  
103 : 1196895  -9999  1.0  1.0  
104 : 1256895  -9999  1.0  1.0  
105 : 1266895  -9999  1.0  1.0  
106 : 1916895  -9999  1.0  1.0  
107 : 1126894  -9999  1.0  1.0  
108 : 1136894  -9999  1.0  1.0  
109 : 1276894  -9999  1.0  1.0  
110 : 1926894  -9999  1.0  1.0  
111 : 1276893  -9999  1.0  1.0  
112 : 1926893  -9999  1.0  1.0  
113 : 1276892  -9999  1.0  1.0  
114 : 1936892  -9999  1.0  1.0  
115 : 1276891  -9999  1.0  1.0  
116 : 1946891  -9999  1.0  1.0  
117 : 1276890  -9999  1.0  1.0  
118 : 1956890  -9999  1.0  1.0  
119 : 1276889  -9999  1.0  1.0  
120 : 1286889  -9999  1.0  1.0  
121 : 1966889  -9999  1.0  1.0  
122 : 1266888  -9999  1.0  1.0  
123 : 1276888  -9999  1.0  1.0  
124 : 1286888  -9999  1.0  1.0  
125 : 1296888  -9999  1.0  1.0  
126 : 1306888  -9999  1.0  1.0  
127 : 1316888  -9999  1.0  1.0  
128 : 1976888  -9999  1.0  1.0  
129 : 1256887  -9999  1.0  1.0  
130 : 1326887  -9999  1.0  1.0  
131 : 1336887  -9999  1.0  1.0  
132 : 1846887  -9999  1.0  1.0  
133 : 1976887  -9999  1.0  1.0  
134 : 1236886  -9999  1.0  1.0  
135 : 1246886  -9999  1.0  1.0  
136 : 1346886  -9999  1.0  1.0  
137 : 1476886  15  1.0  1.0  
138 : 1486886  15  1.0  1.0  
139 : 1856886  -9999  1.0  1.0  
140 : 1986886  -9999  1.0  1.0  
141 : 1136885  2  1.0  1.0  
142 : 1146885  2  1.0  1.0  
143 : 1156885  2  1.0  1.0  
144 : 1166885  2  1.0  1.0  
145 : 1176885  2  1.0  1.0  
146 : 1186885  2  1.0  1.0  
147 : 1196885  2  1.0  1.0  
148 : 1206885  -9999  1.0  1.0  
149 : 1216885  -9999  1.0  1.0  
150 : 1226885  -9999  1.0  1.0  
151 : 1346885  -9999  1.0  1.0  
152 : 1466885  15  1.0  1.0  
153 : 1476885  15  1.0  1.0  
154 : 1486885  15  1.0  1.0  
155 : 1496885  15  1.0  1.0  
156 : 1856885  -9999  1.0  1.0  
157 : 1986885  -9999  1.0  1.0  
158 : 1276884  -9999  1.0  1.0  
159 : 1286884  -9999  1.0  1.0  
160 : 1296884  -9999  1.0  1.0  
161 : 1306884  -9999  1.0  1.0  
162 : 1316884  -9999  1.0  1.0  
163 : 1326884  -9999  1.0  1.0  
164 : 1356884  -9999  1.0  1.0  
165 : 1476884  15  1.0  1.0  
166 : 1486884  15  1.0  1.0  
167 : 1506884  -9999  1.0  1.0  
168 : 1856884  -9999  1.0  1.0  
169 : 1986884  -9999  1.0  1.0  
170 : 1246883  -9999  1.0  1.0  
171 : 1256883  -9999  1.0  1.0  
172 : 1266883  -9999  1.0  1.0  
173 : 1336883  -9999  1.0  1.0  
174 : 1346883  -9999  1.0  1.0  
175 : 1356883  -9999  1.0  1.0  
176 : 1366883  -9999  1.0  1.0  
177 : 1376883  -9999  1.0  1.0  
178 : 1386883  -9999  1.0  1.0  
179 : 1396883  -9999  1.0  1.0  
180 : 1406883  -9999  1.0  1.0  
181 : 1506883  -9999  1.0  1.0  
182 : 1856883  -9999  1.0  1.0  
183 : 1986883  -9999  1.0  1.0  
184 : 1216882  -9999  1.0  1.0  
185 : 1226882  -9999  1.0  1.0  
186 : 1236882  -9999  1.0  1.0  
187 : 1346882  -9999  1.0  1.0  
188 : 1416882  -9999  1.0  1.0  
189 : 1516882  -9999  1.0  1.0  
190 : 1726882  -9999  1.0  1.0  
191 : 1736882  -9999  1.0  1.0  
192 : 1746882  -9999  1.0  1.0  
193 : 1756882  -9999  1.0  1.0  
194 : 1766882  -9999  1.0  1.0  
195 : 1776882  -9999  1.0  1.0  
196 : 1786882  -9999  1.0  1.0  
197 : 1796882  -9999  1.0  1.0  
198 : 1856882  -9999  1.0  1.0  
199 : 1996882  -9999  1.0  1.0  
200 : 1206881  -9999  1.0  1.0  
201 : 1346881  -9999  1.0  1.0  
202 : 1426881  -9999  1.0  1.0  
203 : 1436881  -9999  1.0  1.0  
204 : 1446881  -9999  1.0  1.0  
205 : 1516881  -9999  1.0  1.0  
206 : 1686881  -9999  1.0  1.0  
207 : 1696881  -9999  1.0  1.0  
208 : 1706881  -9999  1.0  1.0  
209 : 1716881  -9999  1.0  1.0  
210 : 1806881  -9999  1.0  1.0  
211 : 1816881  -9999  1.0  1.0  
212 : 1846881  -9999  1.0  1.0  
213 : 1996881  -9999  1.0  1.0  
214 : 1196880  -9999  1.0  1.0  
215 : 1336880  -9999  1.0  1.0  
216 : 1456880  -9999  1.0  1.0  
217 : 1516880  -9999  1.0  1.0  
218 : 1826880  -9999  1.0  1.0  
219 : 1836880  -9999  1.0  1.0  
220 : 1846880  -9999  1.0  1.0  
221 : 2006880  -9999  1.0  1.0  
222 : 1196879  -9999  1.0  1.0  
223 : 1326879  -9999  1.0  1.0  
224 : 1466879  -9999  1.0  1.0  
225 : 1516879  -9999  1.0  1.0  
226 : 1846879  -9999  1.0  1.0  
227 : 2016879  -9999  1.0  1.0  
228 : 1186878  -9999  1.0  1.0  
229 : 1326878  -9999  1.0  1.0  
230 : 1476878  -9999  1.0  1.0  
231 : 1486878  -9999  1.0  1.0  
232 : 1496878  -9999  1.0  1.0  
233 : 1506878  -9999  1.0  1.0  
234 : 1516878  -9999  1.0  1.0  
235 : 1526878  -9999  1.0  1.0  
236 : 1536878  -9999  1.0  1.0  
237 : 1546878  -9999  1.0  1.0  
238 : 1556878  -9999  1.0  1.0  
239 : 1846878  -9999  1.0  1.0  
240 : 2026878  -9999  1.0  1.0  
241 : 1176877  -9999  1.0  1.0  
242 : 1316877  -9999  1.0  1.0  
243 : 1476877  -9999  1.0  1.0  
244 : 1566877  -9999  1.0  1.0  
245 : 1576877  -9999  1.0  1.0  
246 : 1856877  -9999  1.0  1.0  
247 : 2036877  -9999  1.0  1.0  
248 : 1176876  -9999  1.0  1.0  
249 : 1306876  -9999  1.0  1.0  
250 : 1476876  -9999  1.0  1.0  
251 : 1586876  -9999  1.0  1.0  
252 : 1866876  -9999  1.0  1.0  
253 : 2046876  -9999  1.0  1.0  
254 : 1166875  -9999  1.0  1.0  
255 : 1456875  -9999  1.0  1.0  
256 : 1466875  -9999  1.0  1.0  
257 : 1596875  -9999  1.0  1.0  
258 : 1706875  106  1.0  1.0  
259 : 1716875  106  1.0  1.0  
260 : 1726875  106  1.0  1.0  
261 : 1876875  -9999  1.0  1.0  
262 : 1886875  -9999  1.0  1.0  
263 : 2056875  -9999  1.0  1.0  
264 : 1156874  -9999  1.0  1.0  
265 : 1446874  -9999  1.0  1.0  
266 : 1606874  -9999  1.0  1.0  
267 : 1636874  106  1.0  1.0  
268 : 1646874  106  1.0  1.0  
269 : 1656874  106  1.0  1.0  
270 : 1666874  106  1.0  1.0  
271 : 1676874  106  1.0  1.0  
272 : 1686874  106  1.0  1.0  
273 : 1696874  106  1.0  1.0  
274 : 1736874  106  1.0  1.0  
275 : 1746874  106  1.0  1.0  
276 : 1896874  -9999  1.0  1.0  
277 : 1906874  -9999  1.0  1.0  
278 : 1916874  -9999  1.0  1.0  
279 : 1926874  -9999  1.0  1.0  
280 : 2066874  -9999  1.0  1.0  
281 : 1116873  -9999  1.0  1.0  
282 : 1126873  -9999  1.0  1.0  
283 : 1136873  -9999  1.0  1.0  
284 : 1146873  -9999  1.0  1.0  
285 : 1156873  -9999  1.0  1.0  
286 : 1436873  -9999  1.0  1.0  
287 : 1616873  -9999  1.0  1.0  
288 : 1626873  106  1.0  1.0  
289 : 1756873  106  1.0  1.0  
290 : 1796873  106  1.0  1.0  
291 : 1886873  106  1.0  1.0  
292 : 1896873  106  1.0  1.0  
293 : 1906873  106  1.0  1.0  
294 : 1916873  106  1.0  1.0  
295 : 1936873  -9999  1.0  1.0  
296 : 1946873  -9999  1.0  1.0  
297 : 2066873  -9999  1.0  1.0  
298 : 1426872  -9999  1.0  1.0  
299 : 1606872  -9999  1.0  1.0  
300 : 1766872  106  1.0  1.0  
301 : 1776872  106  1.0  1.0  
302 : 1786872  106  1.0  1.0  
303 : 1796872  106  1.0  1.0  
304 : 1806872  106  1.0  1.0  
305 : 1816872  106  1.0  1.0  
306 : 1826872  106  1.0  1.0  
307 : 1836872  106  1.0  1.0  
308 : 1846872  106  1.0  1.0  
309 : 1856872  106  1.0  1.0  
310 : 1866872  106  1.0  1.0  
311 : 1876872  106  1.0  1.0  
312 : 1956872  -9999  1.0  1.0  
313 : 2066872  -9999  1.0  1.0  
314 : 1426871  -9999  1.0  1.0  
315 : 1586871  -9999  1.0  1.0  
316 : 1596871  -9999  1.0  1.0  
317 : 1826871  -9999  1.0  1.0  
318 : 1956871  -9999  1.0  1.0  
319 : 2056871  -9999  1.0  1.0  
320 : 1416870  -9999  1.0  1.0  
321 : 1556870  -9999  1.0  1.0  
322 : 1566870  -9999  1.0  1.0  
323 : 1576870  -9999  1.0  1.0  
324 : 1826870  -9999  1.0  1.0  
325 : 1966870  -9999  1.0  1.0  
326 : 2066870  -9999  1.0  1.0  
327 : 1556869  -9999  1.0  1.0  
328 : 1816869  -9999  1.0  1.0  
329 : 1826869  -9999  1.0  1.0  
330 : 1976869  -9999  1.0  1.0  
331 : 2076869  -9999  1.0  1.0  
332 : 1546868  -9999  1.0  1.0  
333 : 1816868  -9999  1.0  1.0  
334 : 1986868  -9999  1.0  1.0  
335 : 2086868  -9999  1.0  1.0  
336 : 2096868  -9999  1.0  1.0  
337 : 1546867  -9999  1.0  1.0  
338 : 1806867  -9999  1.0  1.0  
339 : 1986867  -9999  1.0  1.0  
340 : 2106867  -9999  1.0  1.0  
341 : 1536866  -9999  1.0  1.0  
342 : 1806866  14  1.0  1.0  
343 : 1816866  14  1.0  1.0  
344 : 1986866  -9999  1.0  1.0  
345 : 2116866  -9999  1.0  1.0  
346 : 1526865  -9999  1.0  1.0  
347 : 1806865  14  1.0  1.0  
348 : 1816865  14  1.0  1.0  
349 : 1996865  -9999  1.0  1.0  
350 : 2006865  -9999  1.0  1.0  
351 : 2126865  -9999  1.0  1.0  
352 : 2186865  -9999  1.0  1.0  
353 : 1516864  -9999  1.0  1.0  
354 : 1806864  14  1.0  1.0  
355 : 1816864  14  1.0  1.0  
356 : 2016864  -9999  1.0  1.0  
357 : 2026864  -9999  1.0  1.0  
358 : 2126864  -9999  1.0  1.0  
359 : 2136864  -9999  1.0  1.0  
360 : 2146864  -9999  1.0  1.0  
361 : 2156864  -9999  1.0  1.0  
362 : 2166864  -9999  1.0  1.0  
363 : 2176864  -9999  1.0  1.0  
364 : 1516863  -9999  1.0  1.0  
365 : 1806863  14  1.0  1.0  
366 : 1816863  14  1.0  1.0  
367 : 2036863  -9999  1.0  1.0  
368 : 2066863  -9999  1.0  1.0  
369 : 2076863  -9999  1.0  1.0  
370 : 2126863  -9999  1.0  1.0  
371 : 1506862  -9999  1.0  1.0  
372 : 1526862  -9999  1.0  1.0  
373 : 1806862  14  1.0  1.0  
374 : 1816862  14  1.0  1.0  
375 : 1826862  14  1.0  1.0  
376 : 2046862  -9999  1.0  1.0  
377 : 2056862  -9999  1.0  1.0  
378 : 2086862  -9999  1.0  1.0  
379 : 2126862  -9999  1.0  1.0  
380 : 1416861  -9999  1.0  1.0  
381 : 1426861  -9999  1.0  1.0  
382 : 1436861  -9999  1.0  1.0  
383 : 1446861  -9999  1.0  1.0  
384 : 1456861  -9999  1.0  1.0  
385 : 1496861  -9999  1.0  1.0  
386 : 1526861  -9999  1.0  1.0  
387 : 1816861  14  1.0  1.0  
388 : 1826861  14  1.0  1.0  
389 : 2096861  -9999  1.0  1.0  
390 : 2126861  -9999  1.0  1.0  
391 : 1406860  -9999  1.0  1.0  
392 : 1466860  -9999  1.0  1.0  
393 : 1476860  -9999  1.0  1.0  
394 : 1486860  -9999  1.0  1.0  
395 : 1536860  -9999  1.0  1.0  
396 : 1776860  -9999  1.0  1.0  
397 : 1816860  -9999  1.0  1.0  
398 : 1976860  -9999  1.0  1.0  
399 : 1986860  -9999  1.0  1.0  
400 : 2106860  -9999  1.0  1.0  
401 : 2116860  -9999  1.0  1.0  
402 : 2126860  -9999  1.0  1.0  
403 : 1396859  -9999  1.0  1.0  
404 : 1456859  -9999  1.0  1.0  
405 : 1536859  -9999  1.0  1.0  
406 : 1746859  -9999  1.0  1.0  
407 : 1756859  -9999  1.0  1.0  
408 : 1766859  -9999  1.0  1.0  
409 : 1786859  -9999  1.0  1.0  
410 : 1796859  -9999  1.0  1.0  
411 : 1806859  -9999  1.0  1.0  
412 : 1816859  -9999  1.0  1.0  
413 : 1956859  -9999  1.0  1.0  
414 : 1966859  -9999  1.0  1.0  
415 : 1996859  -9999  1.0  1.0  
416 : 2006859  -9999  1.0  1.0  
417 : 2126859  -9999  1.0  1.0  
418 : 1386858  -9999  1.0  1.0  
419 : 1446858  -9999  1.0  1.0  
420 : 1536858  -9999  1.0  1.0  
421 : 1726858  -9999  1.0  1.0  
422 : 1736858  -9999  1.0  1.0  
423 : 1936858  -9999  1.0  1.0  
424 : 1946858  -9999  1.0  1.0  
425 : 2016858  -9999  1.0  1.0  
426 : 2126858  -9999  1.0  1.0  
427 : 1376857  -9999  1.0  1.0  
428 : 1426857  -9999  1.0  1.0  
429 : 1436857  -9999  1.0  1.0  
430 : 1536857  -9999  1.0  1.0  
431 : 1926857  -9999  1.0  1.0  
432 : 2026857  -9999  1.0  1.0  
433 : 2126857  -9999  1.0  1.0  
434 : 1366856  -9999  1.0  1.0  
435 : 1376856  -9999  1.0  1.0  
436 : 1406856  -9999  1.0  1.0  
437 : 1416856  -9999  1.0  1.0  
438 : 1536856  -9999  1.0  1.0  
439 : 1926856  -9999  1.0  1.0  
440 : 2036856  -9999  1.0  1.0  
441 : 2126856  -9999  1.0  1.0  
442 : 1346855  -9999  1.0  1.0  
443 : 1366855  -9999  1.0  1.0  
444 : 1396855  -9999  1.0  1.0  
445 : 1536855  -9999  1.0  1.0  
446 : 1926855  -9999  1.0  1.0  
447 : 2046855  -9999  1.0  1.0  
448 : 2116855  -9999  1.0  1.0  
449 : 1356854  -9999  1.0  1.0  
450 : 1386854  -9999  1.0  1.0  
451 : 1526854  -9999  1.0  1.0  
452 : 1926854  -9999  1.0  1.0  
453 : 2056854  -9999  1.0  1.0  
454 : 2116854  -9999  1.0  1.0  
455 : 1386853  -9999  1.0  1.0  
456 : 1526853  -9999  1.0  1.0  
457 : 1676853  -9999  1.0  1.0  
458 : 1686853  -9999  1.0  1.0  
459 : 1696853  -9999  1.0  1.0  
460 : 1706853  -9999  1.0  1.0  
461 : 1716853  -9999  1.0  1.0  
462 : 1726853  -9999  1.0  1.0  
463 : 1736853  -9999  1.0  1.0  
464 : 1746853  -9999  1.0  1.0  
465 : 1756853  -9999  1.0  1.0  
466 : 1896853  -9999  1.0  1.0  
467 : 1906853  -9999  1.0  1.0  
468 : 1916853  -9999  1.0  1.0  
469 : 1926853  -9999  1.0  1.0  
470 : 2066853  -9999  1.0  1.0  
471 : 2116853  -9999  1.0  1.0  
472 : 2186853  -9999  1.0  1.0  
473 : 1516852  -9999  1.0  1.0  
474 : 1766852  -9999  1.0  1.0  
475 : 1856852  -9999  1.0  1.0  
476 : 1866852  -9999  1.0  1.0  
477 : 1876852  -9999  1.0  1.0  
478 : 1886852  -9999  1.0  1.0  
479 : 1926852  -9999  1.0  1.0  
480 : 2076852  -9999  1.0  1.0  
481 : 2116852  -9999  1.0  1.0  
482 : 2196852  -9999  1.0  1.0  
483 : 2326852  -9999  1.0  1.0  
484 : 1516851  -9999  1.0  1.0  
485 : 1776851  -9999  1.0  1.0  
486 : 1846851  -9999  1.0  1.0  
487 : 1926851  -9999  1.0  1.0  
488 : 2086851  -9999  1.0  1.0  
489 : 2116851  -9999  1.0  1.0  
490 : 2196851  -9999  1.0  1.0  
491 : 2336851  -9999  1.0  1.0  
492 : 1506850  -9999  1.0  1.0  
493 : 1786850  -9999  1.0  1.0  
494 : 1846850  -9999  1.0  1.0  
495 : 1926850  -9999  1.0  1.0  
496 : 2096850  -9999  1.0  1.0  
497 : 2106850  -9999  1.0  1.0  
498 : 2116850  -9999  1.0  1.0  
499 : 2196850  -9999  1.0  1.0  
500 : 2346850  -9999  1.0  1.0  
501 : 1796849  -9999  1.0  1.0  
502 : 1806849  -9999  1.0  1.0  
503 : 1836849  -9999  1.0  1.0  
504 : 1936849  -9999  1.0  1.0  
505 : 2126849  -9999  1.0  1.0  
506 : 2186849  -9999  1.0  1.0  
507 : 2346849  -9999  1.0  1.0  
508 : 1816848  -9999  1.0  1.0  
509 : 1826848  -9999  1.0  1.0  
510 : 2136848  -9999  1.0  1.0  
511 : 2146848  -9999  1.0  1.0  
512 : 2166848  -9999  1.0  1.0  
513 : 2176848  -9999  1.0  1.0  
514 : 2186848  -9999  1.0  1.0  
515 : 2196848  -9999  1.0  1.0  
516 : 2336848  -9999  1.0  1.0  
517 : 1826847  -9999  1.0  1.0  
518 : 2156847  -9999  1.0  1.0  
519 : 2206847  -9999  1.0  1.0  
520 : 2336847  -9999  1.0  1.0  
521 : 1806846  -9999  1.0  1.0  
522 : 1816846  -9999  1.0  1.0  
523 : 2216846  -9999  1.0  1.0  
524 : 2336846  -9999  1.0  1.0  
525 : 1796845  -9999  1.0  1.0  
526 : 2206845  -9999  1.0  1.0  
527 : 2336845  -9999  1.0  1.0  
528 : 1796844  -9999  1.0  1.0  
529 : 2206844  -9999  1.0  1.0  
530 : 2336844  -9999  1.0  1.0  
531 : 1786843  -9999  1.0  1.0  
532 : 2206843  -9999  1.0  1.0  
533 : 2336843  -9999  1.0  1.0  
534 : 1776842  -9999  1.0  1.0  
535 : 1786842  -9999  1.0  1.0  
536 : 2206842  -9999  1.0  1.0  
537 : 2336842  -9999  1.0  1.0  
538 : 2436842  -9999  1.0  1.0  
539 : 1766841  -9999  1.0  1.0  
540 : 1776841  -9999  1.0  1.0  
541 : 1786841  -9999  1.0  1.0  
542 : 2206841  -9999  1.0  1.0  
543 : 2346841  -9999  1.0  1.0  
544 : 2436841  -9999  1.0  1.0  
545 : 1726840  -9999  1.0  1.0  
546 : 1736840  -9999  1.0  1.0  
547 : 1746840  -9999  1.0  1.0  
548 : 1756840  -9999  1.0  1.0  
549 : 1796840  -9999  1.0  1.0  
550 : 2216840  -9999  1.0  1.0  
551 : 2356840  -9999  1.0  1.0  
552 : 2436840  -9999  1.0  1.0  
553 : 2486840  -9999  1.0  1.0  
554 : 1716839  -9999  1.0  1.0  
555 : 1776839  -9999  1.0  1.0  
556 : 1786839  -9999  1.0  1.0  
557 : 2196839  -9999  1.0  1.0  
558 : 2206839  -9999  1.0  1.0  
559 : 2216839  -9999  1.0  1.0  
560 : 2226839  -9999  1.0  1.0  
561 : 2236839  -9999  1.0  1.0  
562 : 2366839  -9999  1.0  1.0  
563 : 2436839  -9999  1.0  1.0  
564 : 2486839  -9999  1.0  1.0  
565 : 1766838  -9999  1.0  1.0  
566 : 2106838  -9999  1.0  1.0  
567 : 2116838  -9999  1.0  1.0  
568 : 2126838  -9999  1.0  1.0  
569 : 2186838  -9999  1.0  1.0  
570 : 2246838  -9999  1.0  1.0  
571 : 2256838  -9999  1.0  1.0  
572 : 2366838  -9999  1.0  1.0  
573 : 2436838  -9999  1.0  1.0  
574 : 2476838  -9999  1.0  1.0  
575 : 1756837  -9999  1.0  1.0  
576 : 2096837  -9999  1.0  1.0  
577 : 2136837  -9999  1.0  1.0  
578 : 2146837  -9999  1.0  1.0  
579 : 2156837  -9999  1.0  1.0  
580 : 2166837  -9999  1.0  1.0  
581 : 2176837  -9999  1.0  1.0  
582 : 2266837  -9999  1.0  1.0  
583 : 2276837  -9999  1.0  1.0  
584 : 2376837  -9999  1.0  1.0  
585 : 2436837  -9999  1.0  1.0  
586 : 2476837  -9999  1.0  1.0  
587 : 1756836  -9999  1.0  1.0  
588 : 2086836  -9999  1.0  1.0  
589 : 2286836  -9999  1.0  1.0  
590 : 2296836  -9999  1.0  1.0  
591 : 2376836  -9999  1.0  1.0  
592 : 2436836  -9999  1.0  1.0  
593 : 2466836  -9999  1.0  1.0  
594 : 1746835  -9999  1.0  1.0  
595 : 2056835  -9999  1.0  1.0  
596 : 2066835  -9999  1.0  1.0  
597 : 2076835  -9999  1.0  1.0  
598 : 2086835  -9999  1.0  1.0  
599 : 2306835  -9999  1.0  1.0  
600 : 2376835  -9999  1.0  1.0  
601 : 2436835  -9999  1.0  1.0  
602 : 2466835  -9999  1.0  1.0  
603 : 1736834  -9999  1.0  1.0  
604 : 2046834  -9999  1.0  1.0  
605 : 2316834  -9999  1.0  1.0  
606 : 2326834  -9999  1.0  1.0  
607 : 2376834  -9999  1.0  1.0  
608 : 2436834  -9999  1.0  1.0  
609 : 2446834  -9999  1.0  1.0  
610 : 2466834  -9999  1.0  1.0  
611 : 2046833  -9999  1.0  1.0  
612 : 2326833  -9999  1.0  1.0  
613 : 2336833  -9999  1.0  1.0  
614 : 2346833  -9999  1.0  1.0  
615 : 2356833  -9999  1.0  1.0  
616 : 2366833  -9999  1.0  1.0  
617 : 2376833  -9999  1.0  1.0  
618 : 2386833  -9999  1.0  1.0  
619 : 2426833  -9999  1.0  1.0  
620 : 2456833  -9999  1.0  1.0  
621 : 1946832  -9999  1.0  1.0  
622 : 2036832  -9999  1.0  1.0  
623 : 2396832  -9999  1.0  1.0  
624 : 2406832  -9999  1.0  1.0  
625 : 2416832  -9999  1.0  1.0  
626 : 1886831  -9999  1.0  1.0  
627 : 1896831  -9999  1.0  1.0  
628 : 1906831  -9999  1.0  1.0  
629 : 1916831  -9999  1.0  1.0  
630 : 1926831  -9999  1.0  1.0  
631 : 1936831  -9999  1.0  1.0  
632 : 1956831  -9999  1.0  1.0  
633 : 1966831  -9999  1.0  1.0  
634 : 2026831  17  1.0  1.0  
635 : 2406831  -9999  1.0  1.0  
636 : 1886830  -9999  1.0  1.0  
637 : 1976830  -9999  1.0  1.0  
638 : 2016830  17  1.0  1.0  
639 : 2416830  -9999  1.0  1.0  
640 : 1886829  -9999  1.0  1.0  
641 : 1986829  -9999  1.0  1.0  
642 : 1996829  -9999  1.0  1.0  
643 : 2006829  -9999  1.0  1.0  
644 : 2016829  17  1.0  1.0  
645 : 2426829  -9999  1.0  1.0  
646 : 1876828  -9999  1.0  1.0  
647 : 1996828  -9999  1.0  1.0  
648 : 2016828  -9999  1.0  1.0  
649 : 2426828  -9999  1.0  1.0  
650 : 1866827  -9999  1.0  1.0  
651 : 1996827  -9999  1.0  1.0  
652 : 2026827  -9999  1.0  1.0  
653 : 2036827  -9999  1.0  1.0  
654 : 2426827  -9999  1.0  1.0  
655 : 1856826  -9999  1.0  1.0  
656 : 1986826  -9999  1.0  1.0  
657 : 2046826  -9999  1.0  1.0  
658 : 2436826  -9999  1.0  1.0  
659 : 1796825  12  1.0  1.0  
660 : 1806825  12  1.0  1.0  
661 : 1816825  12  1.0  1.0  
662 : 1826825  12  1.0  1.0  
663 : 1836825  12  1.0  1.0  
664 : 1846825  12  1.0  1.0  
665 : 1976825  -9999  1.0  1.0  
666 : 2436825  -9999  1.0  1.0  
667 : 2516825  -9999  1.0  1.0  
668 : 1786824  12  1.0  1.0  
669 : 1976824  -9999  1.0  1.0  
670 : 2436824  -9999  1.0  1.0  
671 : 2526824  -9999  1.0  1.0  
672 : 1436823  10  1.0  1.0  
673 : 1976823  -9999  1.0  1.0  
674 : 2436823  -9999  1.0  1.0  
675 : 2456823  -9999  1.0  1.0  
676 : 2466823  -9999  1.0  1.0  
677 : 2476823  -9999  1.0  1.0  
678 : 2526823  -9999  1.0  1.0  
679 : 1446822  10  1.0  1.0  
680 : 1456822  10  1.0  1.0  
681 : 1976822  -9999  1.0  1.0  
682 : 2436822  -9999  1.0  1.0  
683 : 2446822  -9999  1.0  1.0  
684 : 2486822  -9999  1.0  1.0  
685 : 2496822  -9999  1.0  1.0  
686 : 2506822  -9999  1.0  1.0  
687 : 2526822  -9999  1.0  1.0  
688 : 1456821  10  1.0  1.0  
689 : 1466821  10  1.0  1.0  
690 : 1976821  -9999  1.0  1.0  
691 : 2436821  -9999  1.0  1.0  
692 : 2516821  -9999  1.0  1.0  
693 : 2526821  -9999  1.0  1.0  
694 : 1466820  10  1.0  1.0  
695 : 1476820  10  1.0  1.0  
696 : 1486820  10  1.0  1.0  
697 : 1976820  -9999  1.0  1.0  
698 : 2436820  -9999  1.0  1.0  
699 : 2536820  -9999  1.0  1.0  
700 : 2546820  -9999  1.0  1.0  
701 : 2556820  -9999  1.0  1.0  
702 : 2566820  -9999  1.0  1.0  
703 : 1486819  10  1.0  1.0  
704 : 1496819  10  1.0  1.0  
705 : 1506819  10  1.0  1.0  
706 : 1516819  10  1.0  1.0  
707 : 1526819  10  1.0  1.0  
708 : 1536819  10  1.0  1.0  
709 : 1546819  10  1.0  1.0  
710 : 1986819  -9999  1.0  1.0  
711 : 2446819  110  1.0  1.0  
712 : 2576819  -9999  1.0  1.0  
713 : 1516818  10  1.0  1.0  
714 : 1526818  10  1.0  1.0  
715 : 1536818  10  1.0  1.0  
716 : 1546818  10  1.0  1.0  
717 : 1556818  10  1.0  1.0  
718 : 1566818  10  1.0  1.0  
719 : 1576818  10  1.0  1.0  
720 : 1586818  10  1.0  1.0  
721 : 1986818  -9999  1.0  1.0  
722 : 2446818  110  1.0  1.0  
723 : 1586817  10  1.0  1.0  
724 : 1596817  10  1.0  1.0  
725 : 1606817  10  1.0  1.0  
726 : 1616817  10  1.0  1.0  
727 : 1626817  10  1.0  1.0  
728 : 1846817  -9999  1.0  1.0  
729 : 1856817  13  1.0  1.0  
730 : 1866817  13  1.0  1.0  
731 : 1876817  13  1.0  1.0  
732 : 1886817  13  1.0  1.0  
733 : 1896817  13  1.0  1.0  
734 : 1906817  13  1.0  1.0  
735 : 1976817  -9999  1.0  1.0  
736 : 2446817  110  1.0  1.0  
737 : 1596816  10  1.0  1.0  
738 : 1606816  10  1.0  1.0  
739 : 1616816  10  1.0  1.0  
740 : 1626816  10  1.0  1.0  
741 : 1636816  10  1.0  1.0  
742 : 1646816  10  1.0  1.0  
743 : 1656816  10  1.0  1.0  
744 : 1826816  11  1.0  1.0  
745 : 1836816  -9999  1.0  1.0  
746 : 1876816  13  1.0  1.0  
747 : 1886816  13  1.0  1.0  
748 : 1896816  13  1.0  1.0  
749 : 1906816  13  1.0  1.0  
750 : 1916816  13  1.0  1.0  
751 : 1976816  -9999  1.0  1.0  
752 : 2446816  110  1.0  1.0  
753 : 1636815  10  1.0  1.0  
754 : 1656815  10  1.0  1.0  
755 : 1706815  11  1.0  1.0  
756 : 1796815  11  1.0  1.0  
757 : 1806815  11  1.0  1.0  
758 : 1816815  11  1.0  1.0  
759 : 1886815  13  1.0  1.0  
760 : 1896815  13  1.0  1.0  
761 : 1906815  13  1.0  1.0  
762 : 1916815  13  1.0  1.0  
763 : 1926815  13  1.0  1.0  
764 : 1936815  -9999  1.0  1.0  
765 : 1946815  -9999  1.0  1.0  
766 : 1956815  -9999  1.0  1.0  
767 : 1966815  -9999  1.0  1.0  
768 : 2456815  110  1.0  1.0  
769 : 1666814  10  1.0  1.0  
770 : 1676814  10  1.0  1.0  
771 : 1686814  -9999  1.0  1.0  
772 : 1706814  11  1.0  1.0  
773 : 1716814  11  1.0  1.0  
774 : 1726814  11  1.0  1.0  
775 : 1796814  11  1.0  1.0  
776 : 1896814  13  1.0  1.0  
777 : 1906814  13  1.0  1.0  
778 : 1926814  13  1.0  1.0  
779 : 2456814  110  1.0  1.0  
780 : 1676813  10  1.0  1.0  
781 : 1696813  -9999  1.0  1.0  
782 : 1706813  -9999  1.0  1.0  
783 : 1716813  11  1.0  1.0  
784 : 1726813  11  1.0  1.0  
785 : 1736813  11  1.0  1.0  
786 : 1776813  11  1.0  1.0  
787 : 1786813  11  1.0  1.0  
788 : 1796813  11  1.0  1.0  
789 : 2466813  110  1.0  1.0  
790 : 1706812  11  1.0  1.0  
791 : 1726812  11  1.0  1.0  
792 : 1736812  11  1.0  1.0  
793 : 1746812  11  1.0  1.0  
794 : 1766812  11  1.0  1.0  
795 : 1776812  11  1.0  1.0  
796 : 1786812  11  1.0  1.0  
797 : 1796812  11  1.0  1.0  
798 : 2476812  110  1.0  1.0  
799 : 1736811  11  1.0  1.0  
800 : 1746811  11  1.0  1.0  
801 : 1756811  11  1.0  1.0  
802 : 1766811  11  1.0  1.0  
803 : 1776811  11  1.0  1.0  
804 : 2476811  110  1.0  1.0  
805 : 2476810  110  1.0  1.0  
806 : 2476809  110  1.0  1.0  
807 : 2476808  -9999  1.0  1.0  
# Number of watercourse outlets:  1
807
# Hierarchy of watercourse elements 
1  1 :  0  
2  1 :  1  
3  1 :  2  
4  1 :  3  
5  1 :  4  
7  1 :  5  
8  1 :  6  
9  1 :  7  
10  1 :  8  
12  1 :  9  
13  1 :  10  
14  1 :  11  
15  1 :  12  
16  1 :  13  
17  1 :  18  
18  1 :  14  
19  1 :  27  
20  1 :  19  
21  1 :  20  
22  2 :  21  15  
23  1 :  16  
24  1 :  17  
25  1 :  32  
26  1 :  25  
27  1 :  26  
28  1 :  22  
29  1 :  23  
30  1 :  24  
31  1 :  41  
32  1 :  31  
33  1 :  28  
34  1 :  33  
35  1 :  34  
36  1 :  35  
37  1 :  29  
38  1 :  30  
39  1 :  51  
40  1 :  39  
41  1 :  40  
42  1 :  36  
43  1 :  42  
44  1 :  43  
45  1 :  44  
46  1 :  45  
47  1 :  46  
48  1 :  37  
49  1 :  38  
50  1 :  58  
51  1 :  50  
52  1 :  47  
53  1 :  52  
54  1 :  48  
55  1 :  64  
56  1 :  49  
57  1 :  71  
58  1 :  57  
59  1 :  53  
60  1 :  59  
61  1 :  54  
62  1 :  63  
65  2 :  66  55  
67  1 :  56  
68  1 :  81  
69  1 :  68  
70  1 :  69  
71  1 :  70  
72  1 :  60  
73  1 :  61  
74  1 :  75  
75  1 :  62  
76  1 :  65  
77  1 :  76  
78  1 :  77  
79  1 :  67  
81  1 :  80  
82  1 :  72  
83  1 :  82  
84  1 :  85  
85  2 :  86  73  
86  1 :  87  
87  1 :  88  
88  1 :  89  
89  1 :  74  
90  1 :  78  
91  2 :  101  90  
92  1 :  91  
93  1 :  92  
94  1 :  103  
95  1 :  94  
96  1 :  95  
97  1 :  96  
98  1 :  97  
99  1 :  79  
100  2 :  83  84  
101  1 :  108  
102  1 :  93  
103  1 :  102  
104  1 :  98  
105  2 :  104  99  
106  1 :  100  
108  1 :  107  
109  1 :  105  
110  1 :  106  
111  1 :  109  
112  1 :  110  
113  1 :  111  
114  1 :  112  
115  1 :  113  
116  1 :  114  
117  1 :  115  
118  1 :  116  
119  1 :  117  
120  1 :  119  
121  1 :  118  
122  1 :  129  
123  1 :  122  
124  1 :  123  
125  2 :  124  120  
126  1 :  125  
127  1 :  126  
128  1 :  121  
129  1 :  135  
130  1 :  127  
131  1 :  130  
133  1 :  128  
134  1 :  150  
135  1 :  134  
136  1 :  131  
139  1 :  132  
140  1 :  133  
142  1 :  141  
143  1 :  142  
144  1 :  143  
145  1 :  144  
146  1 :  145  
147  1 :  146  
148  1 :  147  
149  1 :  148  
150  1 :  149  
151  1 :  136  
153  3 :  165  152  137  
154  3 :  166  153  138  
155  1 :  154  
156  1 :  139  
157  1 :  140  
158  1 :  172  
159  1 :  158  
160  1 :  159  
161  1 :  160  
162  1 :  161  
163  1 :  162  
164  1 :  151  
167  1 :  155  
168  1 :  156  
169  1 :  157  
170  1 :  186  
171  1 :  170  
172  1 :  171  
173  1 :  163  
174  1 :  173  
175  3 :  187  174  164  
176  1 :  175  
177  1 :  176  
178  1 :  177  
179  1 :  178  
180  1 :  179  
181  1 :  167  
182  1 :  168  
183  1 :  169  
184  1 :  200  
185  1 :  184  
186  1 :  185  
187  1 :  201  
188  1 :  180  
189  1 :  181  
190  1 :  209  
191  1 :  190  
192  1 :  191  
193  1 :  192  
194  1 :  193  
195  1 :  194  
196  1 :  195  
197  1 :  196  
198  1 :  182  
199  1 :  183  
200  1 :  214  
201  1 :  215  
202  1 :  188  
203  1 :  202  
204  1 :  203  
205  1 :  189  
207  1 :  206  
208  1 :  207  
209  1 :  208  
210  1 :  197  
211  1 :  210  
212  1 :  198  
213  1 :  199  
214  1 :  222  
215  1 :  223  
216  1 :  204  
217  1 :  205  
218  1 :  211  
219  1 :  218  
220  1 :  212  
221  1 :  213  
222  1 :  228  
223  1 :  229  
224  1 :  216  
225  1 :  217  
226  2 :  219  220  
227  1 :  221  
228  1 :  241  
229  1 :  242  
230  2 :  243  224  
231  1 :  230  
232  1 :  231  
233  1 :  232  
234  1 :  233  
235  2 :  234  225  
236  1 :  235  
237  1 :  236  
238  1 :  237  
239  1 :  226  
240  1 :  227  
241  1 :  248  
242  1 :  249  
243  1 :  250  
244  1 :  238  
245  1 :  244  
246  1 :  239  
247  1 :  240  
248  1 :  254  
250  1 :  256  
251  1 :  245  
252  1 :  246  
253  1 :  247  
254  1 :  264  
255  1 :  265  
256  1 :  255  
257  1 :  251  
258  1 :  273  
259  1 :  258  
260  1 :  259  
261  1 :  252  
262  1 :  261  
263  1 :  253  
264  1 :  285  
265  1 :  286  
266  1 :  257  
267  1 :  288  
268  1 :  267  
269  1 :  268  
270  1 :  269  
271  1 :  270  
272  1 :  271  
273  1 :  272  
274  1 :  260  
275  1 :  274  
276  1 :  262  
277  1 :  276  
278  2 :  293  277  
279  1 :  278  
280  1 :  263  
282  1 :  281  
283  1 :  282  
284  1 :  283  
285  1 :  284  
286  1 :  298  
287  2 :  299  266  
288  1 :  287  
289  1 :  275  
291  1 :  311  
292  1 :  291  
293  2 :  294  292  
295  1 :  279  
296  1 :  295  
297  1 :  280  
298  1 :  314  
299  1 :  316  
300  1 :  289  
301  1 :  300  
302  1 :  301  
303  1 :  302  
304  2 :  303  290  
305  1 :  304  
306  2 :  317  305  
307  1 :  306  
308  1 :  307  
309  1 :  308  
310  1 :  309  
311  1 :  310  
312  1 :  296  
313  1 :  297  
314  1 :  320  
315  1 :  323  
316  1 :  315  
317  1 :  324  
318  1 :  312  
319  1 :  313  
321  1 :  327  
322  1 :  321  
323  1 :  322  
324  1 :  329  
325  1 :  318  
326  1 :  319  
327  1 :  332  
328  1 :  333  
329  1 :  328  
330  1 :  325  
331  1 :  326  
332  1 :  337  
333  1 :  338  
334  1 :  330  
335  1 :  331  
336  1 :  335  
337  1 :  341  
338  2 :  343  342  
339  1 :  334  
340  1 :  336  
341  1 :  346  
342  1 :  347  
343  1 :  348  
344  1 :  339  
345  1 :  340  
346  1 :  353  
348  2 :  355  354  
349  1 :  344  
350  1 :  349  
351  1 :  345  
353  1 :  364  
354  2 :  366  365  
356  1 :  350  
357  1 :  356  
358  2 :  359  351  
359  1 :  360  
360  1 :  361  
361  1 :  362  
362  1 :  363  
363  1 :  352  
364  2 :  372  371  
366  1 :  374  
367  1 :  357  
368  1 :  377  
369  1 :  368  
370  1 :  358  
371  1 :  385  
372  1 :  386  
374  4 :  375  388  387  373  
376  1 :  367  
377  1 :  376  
378  1 :  369  
379  1 :  370  
380  1 :  391  
381  1 :  380  
382  1 :  381  
383  1 :  382  
384  1 :  383  
385  1 :  394  
386  1 :  395  
387  1 :  397  
389  1 :  378  
390  1 :  379  
391  1 :  403  
392  2 :  404  384  
393  1 :  392  
394  1 :  393  
395  1 :  405  
396  1 :  408  
397  1 :  412  
398  1 :  414  
399  1 :  398  
400  1 :  389  
401  1 :  400  
402  1 :  390  
403  1 :  418  
404  1 :  419  
405  1 :  420  
406  1 :  422  
407  1 :  406  
408  1 :  407  
409  1 :  396  
410  1 :  409  
411  1 :  410  
412  1 :  411  
413  1 :  424  
414  1 :  413  
415  1 :  399  
416  1 :  415  
417  2 :  401  402  
418  1 :  427  
419  1 :  429  
420  1 :  430  
422  1 :  421  
423  1 :  431  
424  1 :  423  
425  1 :  416  
426  1 :  417  
427  1 :  435  
428  1 :  437  
429  1 :  428  
430  1 :  438  
431  1 :  439  
432  1 :  425  
433  1 :  426  
434  1 :  443  
435  1 :  434  
436  1 :  444  
437  1 :  436  
438  1 :  445  
439  1 :  446  
440  1 :  432  
441  1 :  433  
443  1 :  449  
444  1 :  450  
445  1 :  451  
446  1 :  452  
447  1 :  440  
448  1 :  441  
449  1 :  442  
450  1 :  455  
451  1 :  456  
452  1 :  469  
453  1 :  447  
454  1 :  448  
456  1 :  473  
458  1 :  457  
459  1 :  458  
460  1 :  459  
461  1 :  460  
462  1 :  461  
463  1 :  462  
464  1 :  463  
465  1 :  464  
466  1 :  478  
467  1 :  466  
468  1 :  467  
469  2 :  479  468  
470  1 :  453  
471  1 :  454  
473  1 :  484  
474  1 :  465  
475  1 :  486  
476  1 :  475  
477  1 :  476  
478  1 :  477  
479  1 :  487  
480  1 :  470  
481  1 :  471  
482  1 :  472  
484  1 :  492  
485  1 :  474  
486  1 :  494  
487  1 :  495  
488  1 :  480  
489  1 :  481  
490  1 :  482  
491  1 :  483  
493  1 :  485  
494  1 :  503  
495  1 :  504  
496  1 :  488  
497  1 :  496  
498  2 :  497  489  
499  1 :  490  
500  1 :  491  
501  1 :  493  
502  1 :  501  
503  1 :  509  
505  1 :  498  
506  1 :  499  
507  1 :  500  
508  1 :  502  
509  2 :  517  508  
510  1 :  505  
511  1 :  510  
512  1 :  518  
513  1 :  512  
514  2 :  513  506  
515  1 :  514  
516  1 :  507  
517  1 :  522  
518  1 :  511  
519  1 :  515  
520  1 :  516  
521  1 :  525  
522  1 :  521  
523  1 :  519  
524  1 :  520  
525  1 :  528  
526  1 :  523  
527  1 :  524  
528  1 :  531  
529  1 :  526  
530  1 :  527  
531  2 :  535  534  
532  1 :  529  
533  1 :  530  
534  1 :  540  
535  1 :  541  
536  1 :  532  
537  1 :  533  
539  1 :  548  
540  1 :  539  
541  1 :  549  
542  1 :  536  
543  1 :  537  
544  1 :  538  
545  1 :  554  
546  1 :  545  
547  1 :  546  
548  1 :  547  
549  1 :  556  
550  1 :  542  
551  1 :  543  
552  1 :  544  
555  1 :  565  
556  1 :  555  
557  1 :  569  
558  1 :  557  
559  1 :  558  
560  2 :  559  550  
561  1 :  560  
562  1 :  551  
563  1 :  552  
564  1 :  553  
565  1 :  575  
566  1 :  576  
567  1 :  566  
568  1 :  567  
569  1 :  581  
570  1 :  561  
571  1 :  570  
572  1 :  562  
573  1 :  563  
574  1 :  564  
575  1 :  587  
576  1 :  588  
577  1 :  568  
578  1 :  577  
579  1 :  578  
580  1 :  579  
581  1 :  580  
582  1 :  571  
583  1 :  582  
584  1 :  572  
585  1 :  573  
586  1 :  574  
587  1 :  594  
588  1 :  598  
589  1 :  583  
590  1 :  589  
591  1 :  584  
592  1 :  585  
593  1 :  586  
594  1 :  603  
595  1 :  604  
596  1 :  595  
597  1 :  596  
598  1 :  597  
599  1 :  590  
600  1 :  591  
601  1 :  592  
602  1 :  593  
604  1 :  611  
605  1 :  599  
606  1 :  605  
607  1 :  600  
608  2 :  609  601  
609  1 :  620  
610  1 :  602  
611  1 :  622  
613  2 :  612  606  
614  1 :  613  
615  1 :  614  
616  1 :  615  
617  1 :  616  
618  2 :  617  607  
619  1 :  608  
620  1 :  610  
621  1 :  631  
622  1 :  634  
623  1 :  618  
624  1 :  625  
625  1 :  619  
626  1 :  636  
627  1 :  626  
628  1 :  627  
629  1 :  628  
630  1 :  629  
631  1 :  630  
632  1 :  621  
633  1 :  632  
634  1 :  638  
635  2 :  623  624  
636  1 :  640  
637  1 :  633  
638  2 :  644  643  
639  1 :  635  
640  1 :  646  
641  1 :  637  
642  1 :  641  
643  2 :  647  642  
644  1 :  648  
645  1 :  639  
646  1 :  650  
647  1 :  651  
648  1 :  652  
649  1 :  645  
650  1 :  655  
651  1 :  656  
652  1 :  653  
653  1 :  657  
654  1 :  649  
655  1 :  664  
656  1 :  665  
658  1 :  654  
659  1 :  668  
660  1 :  659  
661  1 :  660  
662  1 :  661  
663  1 :  662  
664  1 :  663  
665  1 :  669  
666  1 :  658  
669  1 :  673  
670  1 :  666  
671  1 :  667  
673  1 :  681  
674  1 :  670  
675  1 :  676  
676  1 :  677  
677  1 :  684  
678  1 :  671  
679  1 :  672  
680  2 :  688  679  
681  1 :  690  
682  1 :  674  
683  1 :  675  
684  1 :  685  
685  1 :  686  
686  1 :  692  
687  1 :  678  
689  2 :  694  680  
690  1 :  697  
691  2 :  682  683  
692  1 :  693  
693  2 :  699  687  
695  2 :  696  689  
697  1 :  710  
698  1 :  691  
699  1 :  700  
700  1 :  701  
701  1 :  702  
702  1 :  712  
703  1 :  695  
704  1 :  703  
705  1 :  704  
706  1 :  705  
707  1 :  706  
708  2 :  709  707  
710  1 :  721  
711  1 :  698  
714  1 :  713  
715  1 :  714  
716  2 :  715  708  
717  1 :  716  
718  1 :  717  
719  1 :  718  
720  1 :  719  
721  1 :  735  
722  1 :  711  
724  2 :  723  720  
725  1 :  724  
726  1 :  725  
727  1 :  726  
728  1 :  745  
729  1 :  728  
730  1 :  729  
731  1 :  730  
732  2 :  746  731  
733  2 :  734  732  
735  1 :  751  
736  1 :  722  
738  1 :  737  
739  1 :  738  
740  1 :  739  
741  3 :  753  740  727  
742  2 :  743  741  
744  1 :  758  
745  1 :  744  
746  1 :  747  
749  5 :  750  761  760  748  733  
751  1 :  767  
752  1 :  736  
754  1 :  742  
757  2 :  775  756  
758  1 :  757  
760  2 :  776  759  
762  1 :  749  
763  1 :  762  
764  2 :  778  763  
765  1 :  764  
766  1 :  765  
767  1 :  766  
768  1 :  752  
769  1 :  754  
770  1 :  769  
771  2 :  780  770  
772  1 :  782  
773  2 :  772  755  
775  2 :  788  787  
776  1 :  777  
779  1 :  768  
781  1 :  771  
782  1 :  781  
783  1 :  790  
784  3 :  783  773  774  
787  3 :  796  795  786  
789  1 :  779  
792  4 :  793  791  784  785  
795  3 :  803  802  794  
796  1 :  797  
798  1 :  789  
800  2 :  799  792  
801  1 :  800  
802  1 :  801  
804  1 :  798  
805  1 :  804  
806  1 :  805  
807  1 :  806  
