# Number of river elements:     808
0       :   1626912     9       1.792510        49.881620
1       :   1636911     4       3.057248        37.790720
2       :   1646911     9       1.194783        49.881620
3       :   1656911     9       0.134741        49.881620
4       :   1666910     9       0.101293        49.881620
5       :   1676909     9       0.971728        49.881620
6       :   1976909     9       1.251246        49.881620
7       :   1686908     9       1.259373        49.881620
8       :   1966908     9       0.190520        49.881620
9       :   1696907     9       1.817166        49.881620
10      :   1956907     9       0.129233        49.881620
11      :   1276906     9       0.996211        49.881620
12      :   1706906     9       1.203333        49.881620
13      :   1946906     5       1.877090        37.790720
14      :   1266905     2       3.071372        49.881620
15      :   1716905     8       4.146971        49.881620
16      :   1936905     2       5.083963        49.881620
17      :   1246904     9       0.092815        49.881620
18      :   1256904     9       0.000864        49.881620
19      :   1696904     9       0.372626        49.881620
20      :   1706904     9       0.000000        49.881620
21      :   1716904     4       1.269096        37.790720
22      :   1726904     2       2.771022        49.881620
23      :   1936904     9       0.284275        49.881620
24      :   1246903     9       0.188293        49.881620
25      :   1666903     2       0.520327        37.790720
26      :   1676903     9       0.774817        37.790720
27      :   1686903     2       2.230594        49.881620
28      :   1736903     9       0.433606        5.132423 
29      :   1926903     9       0.514770        5.132423 
30      :   1256902     4       4.705785        49.881620
31      :   1646902     4       2.183593        5.132423 
32      :   1656902     5       2.434342        49.881620
33      :   1746902     2       5.550180        5.132423 
34      :   1756902     0       2.617392        49.881620
35      :   1766902     2       7.486798        5.132423 
36      :   1776902     2       4.029896        5.132423 
37      :   1926902     2       3.282099        5.132423 
38      :   1256901     4       2.608867        49.881620
39      :   1616901     2       2.516084        5.132423 
40      :   1626901     9       2.412685        5.132423 
41      :   1636901     7       2.484213        21.003566
42      :   1786901     5       0.842700        49.881620
43      :   1796901     2       5.262779        21.003566
44      :   1806901     4       2.171411        49.881620
45      :   1816901     2       4.649444        12.775583
46      :   1826901     2       4.891546        12.775583
47      :   1836901     2       4.143699        12.775583
48      :   1916901     2       3.010591        12.775583
49      :   1256900     2       4.174157        21.003566
50      :   1596900     2       7.563135        21.003566
51      :   1606900     4       2.156388        49.881620
52      :   1846900     4       4.076668        12.775583
53      :   1856900     9       1.501805        12.775583
54      :   1916900     2       8.606823        21.003566
55      :   1106899     2       6.899735        21.003566
56      :   1256899     4       5.243044        21.003566
57      :   1576899     9       1.017240        51.275608
58      :   1586899     2       2.038529        12.775583
59      :   1866899     2       3.652927        12.775583
60      :   1876899     2       4.732555        21.003566
61      :   1926899     4       2.672597        51.275608
62      :   1986899     4       1.925771        19.087198
63      :   1996899     5       3.126324        19.087198
64      :   1106898     4       2.625336        21.003566
65      :   1116898     2       2.191936        21.003566
66      :   1126898     0       3.757748        51.275608
67      :   1266898     2       3.328898        19.087198
68      :   1536898     4       1.564313        21.003566
69      :   1546898     4       1.834565        51.275608
70      :   1556898     0       2.575403        19.087198
71      :   1566898     4       5.029948        21.003566
72      :   1886898     8       0.490192        51.275608
73      :   1926898     0       5.268631        19.087198
74      :   1966898     0       2.635942        21.003566
75      :   1976898     9       3.149345        51.275608
76      :   1126897     0       5.518800        19.087198
77      :   1136897     0       5.628521        21.003566
78      :   1146897     5       4.994371        21.003566
79      :   1266897     5       1.768368        51.275608
80      :   1516897     0       3.301485        19.087198
81      :   1526897     5       6.406864        21.003566
82      :   1886897     0       3.752251        51.275608
83      :   1896897     0       5.456898        19.087198
84      :   1906897     0       6.907234        19.087198
85      :   1916897     5       5.711552        21.003566
86      :   1926897     5       2.459728        21.003566
87      :   1936897     5       3.580339        76.316584
88      :   1946897     4       1.805743        76.316584
89      :   1956897     2       4.462214        19.087198
90      :   1146896     4       5.068266        20.931266
91      :   1156896     0       3.930728        70.499920
92      :   1166896     6       5.052643        76.316584
93      :   1176896     0       6.796469        16.785468
94      :   1206896     9       3.430796        19.087198
95      :   1216896     2       3.530590        10.981361
96      :   1226896     2       6.783717        20.931266
97      :   1236896     0       2.906707        70.499920
98      :   1246896     0       7.480802        16.785468
99      :   1266896     0       6.647815        16.785468
100     :   1906896     0       3.940323        19.087198
101     :   1146895     9       2.172623        19.087198
102     :   1186895     9       0.748154        19.087198
103     :   1196895     8       3.887726        10.981361
104     :   1256895     4       7.469867        20.931266
105     :   1266895     0       5.683767        70.499920
106     :   1916895     0       5.020343        16.785468
107     :   1126894     9       1.789117        19.087198
108     :   1136894     0       1.961480        19.087198
109     :   1276894     8       1.654793        19.087198
110     :   1926894     8       1.384065        19.087198
111     :   1276893     0       3.743703        19.087198
112     :   1926893     8       3.556553        10.981361
113     :   1276892     4       5.691094        20.931266
114     :   1936892     0       4.732975        70.499920
115     :   1276891     0       5.866805        16.785468
116     :   1946891     8       4.976228        19.087198
117     :   1276890     0       5.220322        19.087198
118     :   1956890     0       5.117535        19.087198
119     :   1276889     9       3.552168        19.087198
120     :   1286889     9       2.536784        19.087198
121     :   1966889     0       1.760211        19.087198
122     :   1266888     9       2.002496        19.087198
123     :   1276888     0       2.209291        19.087198
124     :   1286888     2       1.923241        10.981361
125     :   1296888     2       6.825920        20.931266
126     :   1306888     9       5.059245        70.499920
127     :   1316888     2       4.547174        16.785468
128     :   1976888     2       2.284099        10.981361
129     :   1256887     2       7.411751        20.931266
130     :   1326887     0       4.587227        70.499920
131     :   1336887     4       3.436969        16.785468
132     :   1846887     8       4.686599        10.981361
133     :   1976887     2       5.334072        20.931266
134     :   1236886     0       4.089519        70.499920
135     :   1246886     4       3.230085        16.785468
136     :   1346886     2       5.115439        10.981361
137     :   1476886     2       5.834366        20.931266
138     :   1486886     5       6.429529        83.601184
139     :   1856886     0       7.316207        2.472017 
140     :   1986886     4       4.425241        16.785468
141     :   1136885     0       3.277629        10.981361
142     :   1146885     2       5.776416        20.931266
143     :   1156885     4       6.140800        20.931266
144     :   1166885     5       5.306930        83.601184
145     :   1176885     4       6.297708        83.601184
146     :   1186885     4       7.508725        83.601184
147     :   1196885     4       7.980093        83.601184
148     :   1206885     0       4.607865        2.472017 
149     :   1216885     4       5.175111        16.785468
150     :   1226885     8       1.971113        10.981361
151     :   1346885     2       8.350517        20.931266
152     :   1466885     2       6.887242        20.931266
153     :   1476885     4       5.387699        83.601184
154     :   1486885     0       6.711467        2.472017 
155     :   1496885     2       5.288392        16.785468
156     :   1856885     8       3.155610        10.981361
157     :   1986885     2       11.637240       20.931266
158     :   1276884     0       5.987673        83.601184
159     :   1286884     2       6.202989        2.472017 
160     :   1296884     2       5.129891        16.785468
161     :   1306884     2       5.117122        10.981361
162     :   1316884     4       3.994929        10.981361
163     :   1326884     5       11.042765       20.931266
164     :   1356884     0       7.773280        83.601184
165     :   1476884     0       7.897249        83.601184
166     :   1486884     2       2.630685        2.472017 
167     :   1506884     2       5.392752        16.785468
168     :   1856884     9       2.184398        33.868408
169     :   1986884     9       1.266209        33.868408
170     :   1246883     4       4.154488        10.981361
171     :   1256883     2       6.692557        10.981361
172     :   1266883     4       9.050133        10.981361
173     :   1336883     2       11.953347       10.981361
174     :   1346883     2       12.032303       10.981361
175     :   1356883     2       10.418643       20.931266
176     :   1366883     9       3.298363        83.601184
177     :   1376883     0       3.713870        83.601184
178     :   1386883     2       1.182391        2.472017 
179     :   1396883     2       5.030590        16.785468
180     :   1406883     9       0.838788        33.868408
181     :   1506883     9       2.012826        33.868408
182     :   1856883     2       8.508788        10.981361
183     :   1986883     0       9.224236        45.553548
184     :   1216882     0       2.645880        83.601184
185     :   1226882     2       4.342931        16.785468
186     :   1236882     9       2.408870        33.868408
187     :   1346882     7       4.545656        33.868408
188     :   1416882     7       3.722322        33.868408
189     :   1516882     8       3.944973        33.868408
190     :   1726882     0       10.853558       45.553548
191     :   1736882     0       4.377770        83.601184
192     :   1746882     8       2.849269        16.785468
193     :   1756882     7       2.847319        33.868408
194     :   1766882     7       3.372351        33.868408
195     :   1776882     2       13.683030       45.553548
196     :   1786882     0       1.767752        83.601184
197     :   1796882     2       2.907865        16.785468
198     :   1856882     8       0.620211        33.868408
199     :   1996882     0       8.078444        45.553548
200     :   1206881     0       1.469542        83.601184
201     :   1346881     8       2.794342        33.868408
202     :   1426881     0       9.094333        45.553548
203     :   1436881     5       0.700439        83.601184
204     :   1446881     8       3.760257        33.868408
205     :   1516881     5       4.826341        45.553548
206     :   1686881     5       1.407094        83.601184
207     :   1696881     8       5.065211        33.868408
208     :   1706881     8       5.362499        33.868408
209     :   1716881     2       6.575785        33.868408
210     :   1806881     5       4.868104        45.553548
211     :   1816881     5       2.867168        83.601184
212     :   1846881     2       8.750698        4.803986 
213     :   1996881     7       4.849787        33.868408
214     :   1196880     4       4.718848        45.553548
215     :   1336880     5       2.227148        83.601184
216     :   1456880     2       8.141999        4.803986 
217     :   1516880     7       7.188212        33.868408
218     :   1826880     4       3.972985        45.553548
219     :   1836880     5       3.919401        83.601184
220     :   1846880     5       2.420455        83.601184
221     :   2006880     5       6.838664        4.803986 
222     :   1196879     8       4.632792        33.868408
223     :   1326879     5       1.388342        74.985448
224     :   1466879     5       0.494040        83.601184
225     :   1516879     9       1.449380        83.601184
226     :   1846879     1       1.940723        83.601184
227     :   2016879     7       5.596426        4.803986 
228     :   1186878     2       7.228191        33.868408
229     :   1326878     7       6.196439        33.868408
230     :   1476878     2       5.075564        33.868408
231     :   1486878     5       3.354571        74.985448
232     :   1496878     6       6.591486        4.803986 
233     :   1506878     7       5.554618        33.868408
234     :   1516878     2       8.114760        33.868408
235     :   1526878     7       4.536245        33.868408
236     :   1536878     9       2.879440        33.868408
237     :   1546878     2       9.316428        33.868408
238     :   1556878     0       4.384405        74.985448
239     :   1846878     9       0.961067        11.282077
240     :   2026878     2       6.243348        4.803986 
241     :   1176877     2       10.421984       33.868408
242     :   1316877     0       6.655316        74.985448
243     :   1476877     7       5.379472        11.282077
244     :   1566877     0       7.062304        4.803986 
245     :   1576877     0       9.693320        33.868408
246     :   1856877     9       1.608986        7.176552 
247     :   2036877     5       0.561247        74.985448
248     :   1176876     2       5.581759        11.282077
249     :   1306876     8       6.186709        11.282077
250     :   1476876     8       3.623896        11.282077
251     :   1586876     8       2.564398        11.282077
252     :   1866876     8       4.557739        4.803986 
253     :   2046876     5       2.770493        4.803986 
254     :   1166875     0       14.493454       33.868408
255     :   1456875     0       5.949753        7.176552 
256     :   1466875     8       2.121328        74.985448
257     :   1596875     7       6.503066        11.282077
258     :   1706875     5       4.600549        11.282077
259     :   1716875     8       3.010704        16.812966
260     :   1726875     0       14.295588       33.868408
261     :   1876875     0       6.398295        7.176552 
262     :   1886875     0       4.673029        7.176552 
263     :   2056875     5       3.400516        74.985448
264     :   1156874     2       9.419671        11.282077
265     :   1446874     0       8.033727        11.282077
266     :   1606874     4       2.107765        16.812966
267     :   1636874     0       15.854017       46.330912
268     :   1646874     0       9.511098        33.868408
269     :   1656874     0       5.285705        7.176552 
270     :   1666874     0       4.648174        74.985448
271     :   1676874     4       4.545147        16.812966
272     :   1686874     0       8.226303        46.330912
273     :   1696874     0       8.740383        46.330912
274     :   1736874     0       9.347724        46.330912
275     :   1746874     0       8.170336        46.330912
276     :   1896874     0       7.328022        46.330912
277     :   1906874     0       9.695815        58.307684
278     :   1916874     0       11.999868       58.307684
279     :   1926874     0       7.217948        7.176552 
280     :   2066874     5       5.134343        7.176552 
281     :   1116873     5       2.377001        74.985448
282     :   1126873     2       17.452286       13.029602
283     :   1136873     2       17.482822       13.029602
284     :   1146873     2       12.240244       13.029602
285     :   1156873     4       1.780233        16.812966
286     :   1436873     2       9.432572        10.369325
287     :   1616873     4       3.190415        46.330912
288     :   1626873     0       10.400795       58.307684
289     :   1756873     4       10.209180       58.307684
290     :   1796873     0       15.553481       58.307684
291     :   1886873     5       4.071348        7.176552 
292     :   1896873     5       6.143155        74.985448
293     :   1906873     2       25.622756       13.029602
294     :   1916873     2       12.423209       13.029602
295     :   1936873     7       1.962354        16.812966
296     :   1946873     0       9.616894        10.369325
297     :   2066873     0       2.326413        46.330912
298     :   1426872     4       5.168183        46.330912
299     :   1606872     0       12.950542       58.307684
300     :   1766872     9       2.117584        99.489472
301     :   1776872     6       2.270624        13.029602
302     :   1786872     0       10.174132       13.029602
303     :   1796872     4       3.202718        16.812966
304     :   1806872     0       6.933034        10.369325
305     :   1816872     0       2.429719        46.330912
306     :   1826872     4       10.160178       58.307684
307     :   1836872     5       7.665921        99.489472
308     :   1846872     4       3.847935        13.029602
309     :   1856872     0       8.141082        16.812966
310     :   1866872     0       4.135010        16.812966
311     :   1876872     0       5.249961        16.812966
312     :   1956872     5       1.221856        10.369325
313     :   2066872     0       1.962678        46.330912
314     :   1426871     6       7.133684        58.307684
315     :   1586871     5       6.281014        99.489472
316     :   1596871     0       6.966631        13.029602
317     :   1826871     0       3.054432        16.812966
318     :   1956871     6       4.378719        16.812966
319     :   2056871     0       1.520785        43.407632
320     :   1416870     0       6.899788        58.307684
321     :   1556870     5       4.755057        99.489472
322     :   1566870     8       6.033792        13.029602
323     :   1576870     0       3.317594        16.812966
324     :   1826870     5       2.296192        16.812966
325     :   1966870     5       2.906873        16.812966
326     :   2066870     0       4.910668        16.812966
327     :   1556869     2       1.555039        43.407632
328     :   1816869     4       6.323089        58.307684
329     :   1826869     9       6.488861        99.489472
330     :   1976869     4       4.693651        13.029602
331     :   2076869     5       2.665588        16.812966
332     :   1546868     5       3.421352        16.812966
333     :   1816868     5       5.050214        16.812966
334     :   1986868     5       3.840233        16.812966
335     :   2086868     0       3.427792        16.812966
336     :   2096868     0       3.849711        22.115712
337     :   1546867     4       1.351227        58.307684
338     :   1806867     4       4.958790        99.489472
339     :   1986867     0       6.307481        13.029602
340     :   2106867     0       3.558322        22.115712
341     :   1536866     0       1.966985        56.707008
342     :   1806866     9       3.918266        99.489472
343     :   1816866     0       3.982609        13.029602
344     :   1986866     7       7.206482        16.884674
345     :   2116866     7       4.072278        16.884674
346     :   1526865     0       6.375345        22.115712
347     :   1806865     4       3.664740        16.746567
348     :   1816865     0       3.225421        56.707008
349     :   1996865     5       3.430201        56.707008
350     :   2006865     5       0.686576        99.489472
351     :   2126865     6       8.079515        13.029602
352     :   2186865     7       7.934385        16.884674
353     :   1516864     7       5.710491        16.884674
354     :   1806864     2       7.260377        16.884674
355     :   1816864     8       6.236653        16.884674
356     :   2016864     8       5.615368        16.884674
357     :   2026864     2       5.481693        16.884674
358     :   2126864     8       2.850995        16.884674
359     :   2136864     0       3.451118        22.115712
360     :   2146864     0       6.492976        16.746567
361     :   2156864     5       1.747018        179.61145
362     :   2166864     6       8.486094        13.029602
363     :   2176864     7       1.748467        16.884674
364     :   1516863     0       8.006850        22.115712
365     :   1806863     0       7.671026        22.115712
366     :   1816863     5       6.232448        16.746567
367     :   2036863     5       2.638903        179.61145
368     :   2066863     0       13.948903       13.029602
369     :   2076863     8       1.988849        16.884674
370     :   2126863     8       3.856543        16.884674
371     :   1506862     8       3.753704        22.115712
372     :   1526862     0       10.250278       22.115712
373     :   1806862     0       7.440764        16.746567
374     :   1816862     4       7.371174        16.746567
375     :   1826862     4       7.102555        16.746567
376     :   2046862     0       6.887258        16.746567
377     :   2056862     0       7.463788        16.746567
378     :   2086862     0       9.961123        16.746567
379     :   2126862     5       1.226910        179.61145
380     :   1416861     6       5.179130        13.029602
381     :   1426861     2       3.857139        6.269831 
382     :   1436861     8       4.301351        22.115712
383     :   1446861     8       5.745376        22.115712
384     :   1456861     7       8.073673        22.115712
385     :   1496861     2       7.606535        22.115712
386     :   1526861     0       6.809543        22.115712
387     :   1816861     0       3.048354        22.115712
388     :   1826861     0       4.208290        22.115712
389     :   2096861     0       5.488391        22.115712
390     :   2126861     0       7.921347        22.115712
391     :   1406860     0       4.875308        16.746567
392     :   1466860     5       1.181486        179.61145
393     :   1476860     0       9.020688        13.029602
394     :   1486860     8       9.704997        6.269831 
395     :   1536860     2       7.618565        6.269831 
396     :   1776860     0       7.134212        16.746567
397     :   1816860     5       2.255080        179.61145
398     :   1976860     0       3.188980        14.207425
399     :   1986860     4       12.210625       13.029602
400     :   2106860     2       10.495294       6.269831 
401     :   2116860     2       10.009848       6.269831 
402     :   2126860     2       9.950487        6.269831 
403     :   1396859     8       5.282871        16.746567
404     :   1456859     8       6.688646        16.746567
405     :   1536859     2       8.513794        16.746567
406     :   1746859     0       8.330545        16.746567
407     :   1756859     9       4.085445        179.61145
408     :   1766859     6       3.629020        14.207425
409     :   1786859     4       11.468108       13.029602
410     :   1796859     8       7.743046        20.526616
411     :   1806859     2       9.747617        20.526616
412     :   1816859     8       4.258394        16.746567
413     :   1956859     9       6.986638        179.61145
414     :   1966859     0       2.613889        14.207425
415     :   1996859     4       7.962734        13.029602
416     :   2006859     2       10.190838       20.526616
417     :   2126859     2       10.097981       20.526616
418     :   1386858     0       4.182951        20.526616
419     :   1446858     8       4.148171        16.746567
420     :   1536858     0       3.835559        179.61145
421     :   1726858     6       2.002937        14.207425
422     :   1736858     6       9.184912        13.029602
423     :   1936858     8       8.486444        20.526616
424     :   1946858     2       5.255466        20.526616
425     :   2016858     8       1.130316        16.746567
426     :   2126858     8       2.614527        16.746567
427     :   1376857     0       6.179972        179.61145
428     :   1426857     0       2.808694        14.207425
429     :   1436857     0       11.468022       13.029602
430     :   1536857     2       9.700971        20.526616
431     :   1926857     8       9.101500        20.526616
432     :   2026857     2       9.786844        20.526616
433     :   2126857     0       4.782888        20.526616
434     :   1366856     0       10.530701       8.292720 
435     :   1376856     0       5.795190        128.04678
436     :   1406856     0       4.115791        128.04678
437     :   1416856     0       1.314997        14.207425
438     :   1536856     0       4.796848        13.029602
439     :   1926856     8       8.224245        20.526616
440     :   2036856     0       6.965801        20.526616
441     :   2126856     0       18.403704       8.292720 
442     :   1346855     4       2.101737        128.04678
443     :   1366855     8       5.154280        14.207425
444     :   1396855     6       6.133789        13.029602
445     :   1536855     2       10.419974       20.526616
446     :   1926855     0       14.352057       8.292720 
447     :   2046855     0       16.180262       8.292720 
448     :   2116855     0       5.920544        128.04678
449     :   1356854     9       7.246831        128.04678
450     :   1386854     4       3.746339        14.207425
451     :   1526854     6       9.437332        13.029602
452     :   1926854     2       9.320716        20.526616
453     :   2056854     0       6.018322        128.04678
454     :   2116854     0       3.620463        14.207425
455     :   1386853     4       8.057575        13.029602
456     :   1526853     4       8.264597        20.526616
457     :   1676853     0       4.021829        128.04678
458     :   1686853     0       10.347670       14.207425
459     :   1696853     0       3.700055        13.029602
460     :   1706853     0       7.541668        20.526616
461     :   1716853     0       3.588711        128.04678
462     :   1726853     0       10.165871       14.207425
463     :   1736853     6       5.114513        13.029602
464     :   1746853     0       7.678473        20.526616
465     :   1756853     0       2.585033        128.04678
466     :   1896853     6       9.552243        14.207425
467     :   1906853     0       5.380256        13.029602
468     :   1916853     2       7.851859        20.526616
469     :   1926853     0       4.249539        128.04678
470     :   2066853     0       9.837692        14.207425
471     :   2116853     6       5.373912        13.029602
472     :   2186853     0       8.304633        20.526616
473     :   1516852     6       5.854139        128.04678
474     :   1766852     0       15.157530       14.207425
475     :   1856852     4       7.010451        13.029602
476     :   1866852     8       4.872344        20.526616
477     :   1876852     0       6.739840        128.04678
478     :   1886852     0       9.190241        14.207425
479     :   1926852     4       7.764415        13.029602
480     :   2076852     2       4.728101        20.526616
481     :   2116852     0       4.887513        128.04678
482     :   2196852     0       9.598387        14.207425
483     :   2326852     6       8.931969        13.029602
484     :   1516851     8       3.304164        20.526616
485     :   1776851     0       3.284562        128.04678
486     :   1846851     0       8.905884        14.207425
487     :   1926851     0       7.854822        13.029602
488     :   2086851     8       4.461200        20.526616
489     :   2116851     9       8.464764        128.04678
490     :   2196851     0       8.965166        14.207425
491     :   2336851     6       7.746110        13.029602
492     :   1506850     8       4.160218        20.526616
493     :   1786850     6       7.925635        128.04678
494     :   1846850     0       6.290706        14.207425
495     :   1926850     0       2.910507        32.384362
496     :   2096850     9       3.811792        20.526616
497     :   2106850     0       8.965959        128.04678
498     :   2116850     4       1.218309        32.384362
499     :   2196850     0       6.571944        20.526616
500     :   2346850     9       4.001628        20.526616
501     :   1796849     6       4.585620        128.04678
502     :   1806849     0       1.607080        32.384362
503     :   1836849     9       3.714551        20.526616
504     :   1936849     6       4.416252        128.04678
505     :   2126849     4       6.096612        32.384362
506     :   2186849     2       3.511929        22.353342
507     :   2346849     0       5.634056        20.526616
508     :   1816848     0       2.678610        128.04678
509     :   1826848     4       7.351619        32.384362
510     :   2136848     2       3.771596        22.353342
511     :   2146848     0       6.599335        20.526616
512     :   2166848     0       4.110180        128.04678
513     :   2176848     4       4.827821        32.384362
514     :   2186848     8       3.472668        22.353342
515     :   2196848     5       6.665879        33.397774
516     :   2336848     0       9.198136        33.397774
517     :   1826847     0       9.084006        33.397774
518     :   2156847     0       8.844336        33.397774
519     :   2206847     4       5.838269        33.397774
520     :   2336847     0       6.819439        33.397774
521     :   1806846     5       3.059157        128.04678
522     :   1816846     4       6.879410        32.384362
523     :   2216846     0       4.401392        22.353342
524     :   2336846     2       9.975692        22.353342
525     :   1796845     2       6.816591        22.353342
526     :   2206845     8       3.114517        22.353342
527     :   2336845     0       8.144008        9.712811 
528     :   1796844     0       6.824102        33.397774
529     :   2206844     4       7.715461        33.397774
530     :   2336844     0       7.628961        33.397774
531     :   1786843     6       7.838663        33.397774
532     :   2206843     0       4.777332        33.397774
533     :   2336843     0       5.382396        33.397774
534     :   1776842     0       2.845954        128.04678
535     :   1786842     4       2.768770        32.384362
536     :   2206842     2       2.082815        22.353342
537     :   2336842     0       8.851221        9.712811 
538     :   2436842     0       9.013614        33.397774
539     :   1766841     9       4.396564        128.04678
540     :   1776841     4       1.404371        32.384362
541     :   1786841     2       2.141821        22.353342
542     :   2206841     0       9.117371        9.712811 
543     :   2346841     0       9.747187        33.397774
544     :   2436841     6       2.464836        128.04678
545     :   1726840     4       4.385961        32.384362
546     :   1736840     9       1.091570        22.353342
547     :   1746840     0       10.415041       9.712811 
548     :   1756840     0       10.932032       33.397774
549     :   1796840     0       4.223418        128.04678
550     :   2216840     4       7.370376        32.384362
551     :   2356840     0       3.154145        22.353342
552     :   2436840     0       10.242669       33.397774
553     :   2486840     4       4.241450        128.04678
554     :   1716839     8       3.774965        32.384362
555     :   1776839     8       2.372535        22.353342
556     :   1786839     0       9.352715        33.397774
557     :   2196839     6       5.581290        128.04678
558     :   2206839     8       1.532897        32.384362
559     :   2216839     8       3.427867        22.353342
560     :   2226839     0       8.701257        33.397774
561     :   2236839     6       5.609137        58.078452
562     :   2366839     6       2.842399        58.078452
563     :   2436839     4       3.109976        58.078452
564     :   2486839     0       5.845203        58.078452
565     :   1766838     6       5.325574        128.04678
566     :   2106838     4       1.661404        32.384362
567     :   2116838     8       2.799708        22.353342
568     :   2126838     4       5.842502        17.906228
569     :   2186838     4       4.778786        58.078452
570     :   2246838     4       6.690622        58.078452
571     :   2256838     6       5.229622        58.078452
572     :   2366838     4       6.273714        58.078452
573     :   2436838     6       5.694929        128.04678
574     :   2476838     4       2.764993        32.384362
575     :   1756837     0       3.334743        22.353342
576     :   2096837     6       9.619079        58.078452
577     :   2136837     0       16.120783       13.303507
578     :   2146837     6       5.193508        13.303507
579     :   2156837     6       5.858376        128.04678
580     :   2166837     4       3.554962        32.384362
581     :   2176837     0       5.207184        22.353342
582     :   2266837     6       11.260995       58.078452
583     :   2276837     9       5.718255        143.46987
584     :   2376837     4       4.917444        32.384362
585     :   2436837     0       4.529110        22.353342
586     :   2476837     0       6.172641        58.078452
587     :   1756836     0       4.920374        143.46987
588     :   2086836     0       8.159090        32.384362
589     :   2286836     0       4.282995        22.353342
590     :   2296836     0       3.312367        53.487796
591     :   2376836     0       5.273968        143.46987
592     :   2436836     9       1.987300        32.384362
593     :   2466836     0       6.185981        22.353342
594     :   1746835     0       11.110048       13.014804
595     :   2056835     0       6.685337        53.487796
596     :   2066835     0       5.724420        143.46987
597     :   2076835     2       1.227490        32.384362
598     :   2086835     0       8.093182        22.353342
599     :   2306835     0       3.345546        13.014804
600     :   2376835     8       2.659373        13.014804
601     :   2436835     0       4.262385        53.487796
602     :   2466835     2       5.097590        53.487796
603     :   1736834     6       5.139058        143.46987
604     :   2046834     4       6.422600        32.384362
605     :   2316834     0       10.074008       22.353342
606     :   2326834     8       2.432926        13.014804
607     :   2376834     0       3.781224        53.487796
608     :   2436834     4       2.141233        128.77359
609     :   2446834     9       3.122118        32.384362
610     :   2466834     0       11.451181       22.353342
611     :   2046833     0       3.114572        128.77359
612     :   2326833     9       5.594560        32.384362
613     :   2336833     0       13.251190       22.353342
614     :   2346833     0       7.727287        22.353342
615     :   2356833     0       11.755594       22.353342
616     :   2366833     0       3.911832        128.77359
617     :   2376833     9       5.648371        32.384362
618     :   2386833     0       24.199814       22.353342
619     :   2426833     0       20.365344       22.353342
620     :   2456833     6       5.624314        128.77359
621     :   1946832     0       6.758462        32.384362
622     :   2036832     0       24.237586       22.353342
623     :   2396832     0       5.329024        128.77359
624     :   2406832     0       7.193619        32.384362
625     :   2416832     6       10.414267       22.353342
626     :   1886831     0       11.202621       22.353342
627     :   1896831     0       7.077754        128.77359
628     :   1906831     6       2.168930        46.884164
629     :   1916831     4       4.478650        22.353342
630     :   1926831     6       5.743653        128.77359
631     :   1936831     4       1.348083        46.884164
632     :   1956831     0       5.715802        128.77359
633     :   1966831     9       1.208492        46.884164
634     :   2026831     9       4.258384        128.77359
635     :   2406831     9       1.831454        46.884164
636     :   1886830     0       5.638674        128.77359
637     :   1976830     9       1.596589        46.884164
638     :   2016830     9       9.087808        128.77359
639     :   2416830     9       4.151503        78.679616
640     :   1886829     0       7.652564        10.356316
641     :   1986829     9       7.631870        128.77359
642     :   1996829     9       4.594876        78.679616
643     :   2006829     6       5.976438        10.356316
644     :   2016829     5       7.001536        128.77359
645     :   2426829     9       4.787347        78.679616
646     :   1876828     6       8.309059        10.356316
647     :   1996828     0       5.523498        128.77359
648     :   2016828     9       3.940301        78.679616
649     :   2426828     0       6.590604        10.356316
650     :   1866827     0       3.124372        128.77359
651     :   1996827     6       8.066606        128.77359
652     :   2026827     0       7.491685        8.471082 
653     :   2036827     9       1.442223        78.679616
654     :   2426827     0       9.330393        10.356316
655     :   1856826     0       7.296509        128.77359
656     :   1986826     0       4.866351        128.77359
657     :   2046826     0       8.749642        8.471082 
658     :   2436826     9       0.161233        78.679616
659     :   1796825     6       8.438351        10.356316
660     :   1806825     0       8.771173        10.356316
661     :   1816825     0       4.839986        128.77359
662     :   1826825     0       5.315383        8.471082 
663     :   1836825     9       0.040252        78.679616
664     :   1846825     0       6.907869        22.157804
665     :   1976825     0       1.055337        139.55124
666     :   2436825     9       0.000000        78.679616
667     :   2516825     9       4.524937        22.157804
668     :   1786824     9       11.269759       23.645806
669     :   1976824     9       1.854771        139.55124
670     :   2436824     9       0.434789        78.679616
671     :   2526824     0       7.628850        22.157804
672     :   1436823     0       12.550830       23.645806
673     :   1976823     4       2.848373        139.55124
674     :   2436823     9       3.810834        78.679616
675     :   2456823     0       4.708362        22.157804
676     :   2466823     9       6.449336        23.645806
677     :   2476823     0       7.426398        23.645806
678     :   2526823     4       1.154444        139.55124
679     :   1446822     9       6.620270        78.679616
680     :   1456822     0       9.135509        22.157804
681     :   1976822     0       9.230089        23.645806
682     :   2436822     4       5.245171        139.55124
683     :   2446822     9       0.007096        78.679616
684     :   2486822     0       5.039634        22.157804
685     :   2496822     0       10.731531       23.645806
686     :   2506822     5       2.524537        139.55124
687     :   2526822     9       0.000000        78.679616
688     :   1456821     0       3.827437        22.157804
689     :   1466821     0       15.569901       23.645806
690     :   1976821     6       10.272704       23.645806
691     :   2436821     0       8.034501        23.645806
692     :   2516821     0       5.078354        139.55124
693     :   2526821     9       0.000000        78.679616
694     :   1466820     0       4.775932        22.157804
695     :   1476820     0       7.639603        23.645806
696     :   1486820     4       4.535162        139.55124
697     :   1976820     9       1.121643        78.679616
698     :   2436820     0       5.994491        22.157804
699     :   2536820     6       7.588316        23.645806
700     :   2546820     9       4.092776        139.55124
701     :   2556820     9       5.730986        78.679616
702     :   2566820     0       4.756555        22.157804
703     :   1486819     6       9.966709        23.645806
704     :   1496819     4       5.669535        139.55124
705     :   1506819     9       0.006558        78.679616
706     :   1516819     0       3.885450        22.157804
707     :   1526819     6       8.734045        23.645806
708     :   1536819     0       9.543632        139.55124
709     :   1546819     9       5.639336        78.679616
710     :   1986819     0       4.935421        22.157804
711     :   2446819     0       10.691068       23.645806
712     :   2576819     0       8.143413        139.55124
713     :   1516818     9       1.037449        78.679616
714     :   1526818     0       5.066410        22.157804
715     :   1536818     0       8.281939        23.645806
716     :   1546818     0       10.545781       23.645806
717     :   1556818     9       6.348905        139.55124
718     :   1566818     9       0.008315        78.679616
719     :   1576818     0       5.435454        22.157804
720     :   1586818     0       9.052115        23.645806
721     :   1986818     0       10.272306       23.645806
722     :   2446818     0       13.945683       24.545574
723     :   1586817     6       9.265880        24.545574
724     :   1596817     0       7.594691        139.55124
725     :   1606817     9       2.358914        78.679616
726     :   1616817     0       4.173440        22.157804
727     :   1626817     6       16.088842       12.708004
728     :   1846817     0       9.760542        24.545574
729     :   1856817     4       3.379425        147.86342
730     :   1866817     9       0.000000        78.679616
731     :   1876817     0       3.623698        22.157804
732     :   1886817     6       16.221710       12.708004
733     :   1896817     6       3.992007        147.86342
734     :   1906817     9       3.840791        78.679616
735     :   1976817     6       3.112908        22.157804
736     :   2446817     0       14.328760       12.708004
737     :   1596816     5       2.496805        147.86342
738     :   1606816     9       0.131843        78.679616
739     :   1616816     8       3.296451        22.157804
740     :   1626816     0       4.699407        147.86342
741     :   1636816     9       2.080910        78.679616
742     :   1646816     4       3.268665        22.157804
743     :   1656816     5       2.079813        147.86342
744     :   1826816     9       0.898407        78.679616
745     :   1836816     4       3.894385        22.157804
746     :   1876816     5       3.390158        147.86342
747     :   1886816     9       1.474050        78.679616
748     :   1896816     6       4.804943        22.157804
749     :   1906816     0       7.676591        147.86342
750     :   1916816     0       6.635675        78.679616
751     :   1976816     0       4.662451        22.157804
752     :   2446816     0       6.627225        147.86342
753     :   1636815     9       2.447556        78.679616
754     :   1656815     5       5.033561        22.157804
755     :   1706815     0       7.229426        147.86342
756     :   1796815     9       3.987973        78.679616
757     :   1806815     0       5.765580        22.157804
758     :   1816815     0       4.186222        11.636640
759     :   1886815     0       3.121071        91.950448
760     :   1896815     0       5.866432        78.679616
761     :   1906815     9       3.232805        15.665909
762     :   1916815     0       5.223155        22.157804
763     :   1926815     0       11.815272       11.636640
764     :   1936815     0       6.899433        11.636640
765     :   1946815     6       1.933118        91.950448
766     :   1956815     9       6.625631        78.679616
767     :   1966815     6       2.746896        15.665909
768     :   2456815     0       6.228533        22.157804
769     :   1666814     0       3.084572        91.950448
770     :   1676814     0       3.955323        78.679616
771     :   1686814     0       1.680113        15.665909
772     :   1706814     6       6.275885        22.157804
773     :   1716814     0       7.502097        91.950448
774     :   1726814     0       3.800711        78.679616
775     :   1796814     0       1.573901        15.665909
776     :   1896814     0       5.577546        22.157804
777     :   1906814     0       2.766891        91.950448
778     :   1926814     0       5.496255        78.679616
779     :   2456814     8       2.494526        15.665909
780     :   1676813     0       4.972063        22.157804
781     :   1696813     0       5.418633        41.817192
782     :   1706813     0       4.115357        91.950448
783     :   1716813     6       4.903330        78.679616
784     :   1726813     8       1.944897        15.665909
785     :   1736813     0       4.840082        22.157804
786     :   1776813     0       2.507542        41.817192
787     :   1786813     4       1.999864        91.950448
788     :   1796813     0       5.132484        78.679616
789     :   2466813     8       1.642216        15.665909
790     :   1706812     0       4.403703        22.157804
791     :   1726812     8       1.546788        41.817192
792     :   1736812     4       2.418437        91.950448
793     :   1746812     0       3.845103        78.679616
794     :   1766812     9       5.104051        15.665909
795     :   1776812     4       3.457819        22.157804
796     :   1786812     8       4.563981        41.817192
797     :   1796812     4       3.066439        91.950448
798     :   2476812     0       5.493796        78.679616
799     :   1736811     0       5.100315        15.665909
800     :   1746811     0       2.219582        22.157804
801     :   1756811     0       2.307884        10.946923
802     :   1766811     8       4.331863        41.817192
803     :   1776811     0       4.012383        91.950448
804     :   2476811     0       4.582083        78.679616
805     :   2476810     0       4.198841        15.665909
806     :   2476809     0       2.827668        22.157804
807     :   2476808     0       1.445619        10.946923
