ncols         1195
nrows         1550
xllcorner     -75000
yllcorner     6450000
cellsize      1000
NODATA_value  -9999
# Number of landscape elements :  65
         0     1348121           0     1000000.0000   1871.0000   1871.0000   1871.0000   1871.0000           8      0.0000     83.3333   1871.0000    101.0000           2           2     16.6667           1           1      0.0000           0      1.0000           0      1.0000  
         1     1349315           0     1000000.0000   1760.0000   1760.0000   1760.0000   1760.0000           4      0.0000     83.3333   1760.0000    109.0000           2           2     16.6667           1           1      0.0000           0      1.0000           0      1.0000  
         2     1349316           0     1000000.0000   1806.0000   1806.0000   1806.0000   1806.0000           8      0.0000     83.3333   1806.0000    207.0000           2           2     16.6667           1           1      0.0000           0      1.0000           0      1.0000  
         3     1349317           0     1000000.0000   1806.0000   1806.0000   1806.0000   1806.0000           1      0.0000     83.3333   1806.0000    321.0000           2           2     16.6667           1           1      0.0000           0      1.0000           0      1.0000  
         4     1350508           0     1000000.0000   1672.0000   1672.0000   1672.0000   1672.0000          32      0.0000     83.3333   1672.0000    476.0000           2           2     16.6667           1           1      0.0000           0      1.0000           0      1.0000  
         5     1350509           0     1000000.0000   1670.0000   1670.0000   1670.0000   1670.0000           2      0.0000     83.3333   1670.0000    295.0000           2           2     16.6667           1           1      0.0000           0      1.0000           0      1.0000  
         6     1350510           0     1000000.0000   1670.0000   1670.0000   1670.0000   1670.0000           4      0.0000     83.3333   1670.0000    240.0000           2           2     16.6667           1           1      0.0000           0      1.0000           0      1.0000  
         7     1350511           0     1000000.0000   1720.0000   1720.0000   1720.0000   1720.0000           4      0.0000     83.3333   1720.0000    220.0000           2           2     16.6667           1           1      0.0000           0      1.0000           0      1.0000  
         8     1350512           0     1000000.0000   1727.0000   1727.0000   1727.0000   1727.0000           8      0.0000     83.3333   1727.0000    113.0000           2           2     16.6667           1           1      0.0000           0      1.0000           0      1.0000  
         9     1351702           0     1000000.0000   1693.0000   1693.0000   1693.0000   1693.0000           2      0.0000     83.3333   1693.0000    170.0000           2           2     16.6667           1           1      0.0000           0      1.0000           0      1.0000  
        10     1351703           0     1000000.0000   1650.0000   1650.0000   1650.0000   1650.0000           2      0.0000     83.3333   1650.0000    352.0000           2           2     16.6667           1           1      0.0000           0      1.0000           0      1.0000  
        11     1351704           0     1000000.0000   1627.0000   1627.0000   1627.0000   1627.0000           2      0.0000     83.3333   1627.0000    314.0000           2           2     16.6667           1           1      0.0000           0      1.0000           0      1.0000  
        12     1351705           0     1000000.0000   1546.0000   1546.0000   1546.0000   1546.0000           4      0.0000     83.3333   1546.0000    197.0000           2           2     16.6667           1           1      0.0000           0      1.0000           0      1.0000  
        13     1351706           0     1000000.0000   1540.0000   1540.0000   1540.0000   1540.0000           4      0.0000     83.3333   1540.0000    157.0000           2           2     16.6667           1           1      0.0000           0      1.0000           0      1.0000  
        14     1351707           0     1000000.0000   1631.0000   1631.0000   1631.0000   1631.0000           8      0.0000     83.3333   1631.0000    112.0000           2           2     16.6667           1           1      0.0000           0      1.0000           0      1.0000  
        15     1352896           0     1000000.0000   1709.0000   1709.0000   1709.0000   1709.0000           1      0.0000     83.3333   1709.0000    306.0000           2           2     16.6667           1           1      0.0000           0      1.0000           0      1.0000  
        16     1352897           0     1000000.0000   1655.0000   1655.0000   1655.0000   1655.0000           1      0.0000     83.3333   1655.0000    365.0000           2           2     16.6667           1           1      0.0000           0      1.0000           0      1.0000  
        17     1352898           0     1000000.0000   1595.0000   1595.0000   1595.0000   1595.0000           1      0.0000     83.3333   1595.0000    356.0000           2           2     16.6667           1           1      0.0000           0      1.0000           0      1.0000  
        18     1352899           0     1000000.0000   1494.0000   1494.0000   1494.0000   1494.0000           2      0.0000     83.3333   1494.0000    335.0000           2           2     16.6667           1           1      0.0000           0      1.0000           0      1.0000  
        19     1352900           0     1000000.0000   1430.0000   1430.0000   1430.0000   1430.0000           4      0.0000     83.3333   1430.0000    130.0000           2           2     16.6667           1           1      0.0000           0      1.0000           0      1.0000  
        20     1352901           0     1000000.0000   1430.0000   1430.0000   1430.0000   1430.0000           4      0.0000     83.3333   1430.0000    146.0000           2           2     16.6667           1           1      0.0000           0      1.0000           0      1.0000  
        21     1352902           0     1000000.0000   1620.0000   1620.0000   1620.0000   1620.0000           8      0.0000     80.3922   1620.0000     23.0000           2           2     19.6078           1           1      0.0000           0      1.0000           0      1.0000  
        22     1354090           0     1000000.0000   1780.0000   1780.0000   1780.0000   1780.0000          32      0.0000     83.3333   1780.0000    213.0000           2           2     16.6667           1           1      0.0000           0      1.0000           0      1.0000  
        23     1354091           0     1000000.0000   1760.0000   1760.0000   1760.0000   1760.0000         128      0.0000     83.3333   1760.0000    242.0000           2           2     16.6667           1           1      0.0000           0      1.0000           0      1.0000  
        24     1354092           0     1000000.0000   1710.0000   1710.0000   1710.0000   1710.0000           1      0.0000     83.3333   1710.0000    248.0000           2           2     16.6667           1           1      0.0000           0      1.0000           0      1.0000  
        25     1354093           0     1000000.0000   1620.0000   1620.0000   1620.0000   1620.0000           2      0.0000     83.3333   1620.0000    186.0000           2           2     16.6667           1           1      0.0000           0      1.0000           0      1.0000  
        26     1354094           0     1000000.0000   1540.0000   1540.0000   1540.0000   1540.0000           2      0.0000     83.3333   1540.0000    121.0000           2           2     16.6667           1           1      0.0000           0      1.0000           0      1.0000  
        27     1354095           0     1000000.0000   1300.0000   1300.0000   1300.0000   1300.0000           4      0.0000     82.4561   1300.0000    122.0000           2           2     17.5439           1           1      0.0000           0      1.0000           0      1.0000  
        28     1354096           0     1000000.0000   1307.0000   1307.0000   1307.0000   1307.0000           4      0.0000     80.3922   1307.0000     84.0000           2           2     19.6078           1           1      0.0000           0      1.0000           0      1.0000  
        29     1354097           0     1000000.0000   1490.0000   1490.0000   1490.0000   1490.0000           8      0.0000     78.4946   1490.0000      0.0000           2           2     21.5054           1           1      0.0000           0      1.0000           0      1.0000  
        30     1354098           0     1000000.0000   1540.0000   1540.0000   1540.0000   1540.0000           8      0.0000     81.4815   1540.0000      2.0000           2           2     18.5185           1           1      0.0000           0      1.0000           0      1.0000  
        31     1355285           0     1000000.0000   1845.0000   1845.0000   1845.0000   1845.0000          64      0.0000     83.3333   1845.0000    177.0000           2           2     16.6667           1           1      0.0000           0      1.0000           0      1.0000  
        32     1355286           0     1000000.0000   1794.0000   1794.0000   1794.0000   1794.0000           2      0.0000     83.3333   1794.0000    196.0000           2           2     16.6667           1           1      0.0000           0      1.0000           0      1.0000  
        33     1355287           0     1000000.0000   1747.0000   1747.0000   1747.0000   1747.0000           1      0.0000     83.3333   1747.0000    204.0000           2           2     16.6667           1           1      0.0000           0      1.0000           0      1.0000  
        34     1355288           0     1000000.0000   1606.0000   1606.0000   1606.0000   1606.0000           1      0.0000     83.3333   1606.0000    138.0000           2           2     16.6667           1           1      0.0000           0      1.0000           0      1.0000  
        35     1355289           0     1000000.0000   1460.0000   1460.0000   1460.0000   1460.0000           1      0.0000     83.3333   1460.0000     60.0000           2           2     16.6667           1           1      0.0000           0      1.0000           0      1.0000  
        36     1355290           0     1000000.0000   1073.0000   1073.0000   1073.0000   1073.0000           2      0.0000     78.4946   1073.0000     15.0000           2           2     21.5054           1           1      0.0000           0      1.0000           0      1.0000  
        37     1355291           0     1000000.0000   1200.0000   1200.0000   1200.0000   1200.0000           2      0.0000     69.2308   1200.0000    229.0000           2           2     30.7692           1           1      0.0000           0      1.0000           0      1.0000  
        38     1355292           0     1000000.0000   1320.0000   1320.0000   1320.0000   1320.0000           4      0.0000     61.5385   1320.0000      0.0000           2           2     38.4615           1           1      0.0000           0      1.0000           0      1.0000  
        39     1355293           0     1000000.0000   1453.0000   1453.0000   1453.0000   1453.0000           8      0.0000     79.1667   1453.0000      0.0000           2           2     20.8333           1           1      0.0000           0      1.0000           0      1.0000  
        40     1355294           0     1000000.0000   1580.0000   1580.0000   1580.0000   1580.0000           8      0.0000     82.1429   1580.0000     30.0000           2           2     17.8571           1           1      0.0000           0      1.0000           0      1.0000  
        41     1356481           0     1000000.0000   1787.0000   1787.0000   1787.0000   1787.0000           2      0.0000     83.3333   1787.0000    192.0000           2           2     16.6667           1           1      0.0000           0      1.0000           0      1.0000  
        42     1356482           0     1000000.0000   1690.0000   1690.0000   1690.0000   1690.0000           2      0.0000     83.3333   1690.0000    181.0000           2           2     16.6667           1           1      0.0000           0      1.0000           0      1.0000  
        43     1356483           0     1000000.0000   1600.0000   1600.0000   1600.0000   1600.0000           1      0.0000     83.3333   1600.0000    148.0000           2           2     16.6667           1           1      0.0000           0      1.0000           0      1.0000  
        44     1356484           0     1000000.0000   1500.0000   1500.0000   1500.0000   1500.0000           1      0.0000     83.3333   1500.0000     97.0000           2           2     16.6667           1           1      0.0000           0      1.0000           0      1.0000  
        45     1356485           0     1000000.0000   1140.0000   1140.0000   1140.0000   1140.0000           1      0.0000     74.3590   1140.0000      0.0000           2           2     25.6410           1           1      0.0000           0      1.0000           0      1.0000  
        46     1356486           0     1000000.0000    880.0000    880.0000    880.0000    880.0000           2      0.0000     75.6098    880.0000     34.0000           2           2     24.3902           1           1      0.0000           0      1.0000           0      1.0000  
        47     1356487           0     1000000.0000    700.0000    700.0000    700.0000    700.0000           4      0.0000     78.0220    700.0000     69.0000           2           2     21.9780           1           1      0.0000           0      1.0000           0      1.0000  
        48     1356488           0     1000000.0000   1090.0000   1090.0000   1090.0000   1090.0000          16      0.0000     28.5714   1090.0000      0.0000           2           2     71.4286           1           1      0.0000           0      1.0000           0      1.0000  
        49     1356489           0     1000000.0000   1460.0000   1460.0000   1460.0000   1460.0000           8      0.0000     76.1905   1460.0000      0.0000           2           2     23.8095           1           1      0.0000           0      1.0000           0      1.0000  
        50     1357679           0     1000000.0000   1625.0000   1625.0000   1625.0000   1625.0000         128      0.0000     80.1980   1625.0000     44.0000           2           2     19.8020           1           1      0.0000           0      1.0000           0      1.0000  
        51     1357680           0     1000000.0000   1514.0000   1514.0000   1514.0000   1514.0000         128      0.0000     78.7234   1514.0000     15.0000           2           2     21.2766           1           1      0.0000           0      1.0000           0      1.0000  
        52     1357681           0     1000000.0000   1120.0000   1120.0000   1120.0000   1120.0000           1      0.0000     13.0435   1120.0000      0.0000           2           2     86.9565           1           1      0.0000           0      1.0000           0      1.0000  
        53     1357682           0     1000000.0000    528.0000    528.0000    528.0000    528.0000           2      0.0000     66.1017    528.0000     81.0000           2           2     33.8983           1           1      0.0000           0      1.0000           0      1.0000  
        54     1357683           0     1000000.0000    664.0000    664.0000    664.0000    664.0000           4      0.0000     13.0435    664.0000    282.0000           2           2     86.9565           1           1      0.0000           0      1.0000           0      1.0000  
        55     1357684           0     1000000.0000   1033.0000   1033.0000   1033.0000   1033.0000           4      0.0000      0.0000   1033.0000      0.0000           2           2     90.9091           0           0      9.0909           0      1.0000           0      1.0000  
        56     1357685           0     1000000.0000   1310.0000   1310.0000   1310.0000   1310.0000           8      0.0000     37.5000   1310.0000      0.0000           2           2     62.5000           1           1      0.0000           0      1.0000           0      1.0000  
        57     1358875           0     1000000.0000   1513.0000   1513.0000   1513.0000   1513.0000           4      0.0000     78.7234   1513.0000      0.0000           2           2     21.2766           1           1      0.0000           0      1.0000           0      1.0000  
        58     1358876           0     1000000.0000   1400.0000   1400.0000   1400.0000   1400.0000           1      0.0000     58.3333   1400.0000      0.0000           2           2     41.6667           1           1      0.0000           0      1.0000           0      1.0000  
        59     1358877           0     1000000.0000    820.0000    820.0000    820.0000    820.0000           1      0.0000      0.0000    820.0000      0.0000           2           2    100.0000           1           1      0.0000           0      1.0000           0      1.0000  
        60     1358878           0     1000000.0000    400.0000    400.0000    400.0000    400.0000           1     28.9474      0.0000    400.0000      0.0000           2           2     52.6316           0           0     18.4211           0      1.0000           0      1.0000  
        61     1358879           0     1000000.0000    285.0000    285.0000    285.0000    285.0000           2     34.2105      0.0000    285.0000      0.0000           0           0     39.4737           2           2     26.3158           0      1.0000           0      1.0000  
        62     1360072           0     1000000.0000   1400.0000   1400.0000   1400.0000   1400.0000         128      0.0000      0.0000   1400.0000      0.0000           2           2    100.0000           1           1      0.0000           0      1.0000           0      1.0000  
        63     1360073           0     1000000.0000   1060.0000   1060.0000   1060.0000   1060.0000          64      0.0000      0.0000   1060.0000      0.0000           0           0     50.0000           2           2     50.0000           0      1.0000           0      1.0000  
        64     1360074           0     1000000.0000    460.0000    460.0000    460.0000    460.0000           2     20.6349      0.0000    460.0000      0.0000           0           0     47.6190           2           2     31.7460           0      1.0000           0      1.0000  

