
Meteorological stations: 
3
3
Prec.    
5608  334269  6.86062e+06  242
5609  334269  6.86062e+06  475
5610  334269  6.86062e+06  625
Temp.    
5608  334269  6.86062e+06  242
5609  334269  6.86062e+06  475
5617  334269  6.86062e+06  625

Common parameters: 
86400
3
3
0.998985
1
0
1.12329
1
-0.890829
-0.890829
30
1.03645e-05
0.00512028
0
1
10000
0.9
0.2
0
0.05
0
0.2
0
0
0
0
0
0

Land surface parameters: 
0.000500317    1.03731e-05    0.8    0    0.0943445    0.00334668    0.005    0.01    0.08    0.9    0
1  1  1  1  1  1  1  1  1  
0.000500317    1.03731e-05    0.8    0    0.0943445    0.00334668    0.005    0.01    0.08    0.9    0
1  1  1  1  1  1  1  1  1  
0.000500165    1.03645e-05    0.8    0    0.0787039    0.00279896    0.005    0.01    0.08    0.9    0
1  1  1  1  1  1  1  1  1  
0.000500165    1.03645e-05    0.8    0    0.0787039    0.00279896    0.005    0.01    0.08    0.9    0
1  1  1  1  1  1  1  1  1  
0.000500317    1.03731e-05    0.8    0    0.0943445    0.00334668    0.005    0.01    0.08    0.9    0
1  1  1  1  1  1  1  1  1  
0.000500317    1.03731e-05    0.8    0    0.0943445    0.00334668    0.005    0.01    0.08    0.9    0
1  1  1  1  1  1  1  1  1  
0.000500317    1.03731e-05    0.8    0    0.0943445    0.00334668    0.005    0.01    0.08    0.9    0
1  1  1  1  1  1  1  1  1  
0.000500317    1.03731e-05    0.8    0    0.0943445    0.00334668    0.005    0.01    0.08    0.9    0
1  1  1  1  1  1  1  1  1  
0.000500317    1.03731e-05    0.8    0    0.0943445    0.00334668    0.005    0.01    0.08    0.9    0
1  1  1  1  1  1  1  1  1  
0.000500317    1.03731e-05    0.8    0    0.0943445    0.00334668    0.005    0.01    0.08    0.9    0
1  1  1  1  1  1  1  1  1  
0.000500317    1.03731e-05    0.8    0    0.0943445    0.00334668    0.005    0.01    0.08    0.9    0
1  1  1  1  1  1  1  1  1  
0.000500317    1.03731e-05    0.8    0    0.0943445    0.00334668    0.005    0.01    0.08    0.9    0
1  1  1  1  1  1  1  1  1  
0.000500317    1.03731e-05    0.8    0    0.0943445    0.00334668    0.005    0.01    0.08    0.9    0
1  1  1  1  1  1  1  1  1  
0.000500317    1.03731e-05    0.8    0    0.0943445    0.00334668    0.005    0.01    0.08    0.9    0
1  1  1  1  1  1  1  1  1  
0.000500317    1.03731e-05    0.8    0    0.0943445    0.00334668    0.005    0.01    0.08    0.9    0
1  1  1  1  1  1  1  1  1  
0.000500317    1.03731e-05    0.8    0    0.0943445    0.00334668    0.005    0.01    0.08    0.9    0
1  1  1  1  1  1  1  1  1  
0.000500317    1.03731e-05    0.8    0    0.0943445    0.00334668    0.005    0.01    0.08    0.9    0
1  1  1  1  1  1  1  1  1  
0.000500317    1.03731e-05    0.8    0    0.0943445    0.00334668    0.005    0.01    0.08    0.9    0
1  1  1  1  1  1  1  1  1  
0.000500317    1.03731e-05    0.8    0    0.0943445    0.00334668    0.005    0.01    0.08    0.9    0
1  1  1  1  1  1  1  1  1  
0.000500317    1.03731e-05    0.8    0    0.0943445    0.00334668    0.005    0.01    0.08    0.9    0
1  1  1  1  1  1  1  1  1  
0.000500317    1.03731e-05    0.8    0    0.0943445    0.00334668    0.005    0.01    0.08    0.9    0
1  1  1  1  1  1  1  1  1  

HBV subsurface parameters: 
0.201655    1    2.00121    50    0.541038    1    0.001    0.00484131    0
0.201655    1    2.00121    50    0.541038    1    0.001    0.00484131    0
0.201755    1    2.00065    50    0.0832165    1    0.00213443    0.00512028    0
0.201755    1    2.00065    50    0.0832165    1    0.00213443    0.00512028    0
0.201655    1    2.00121    50    0.541038    1    0.001    0.00484131    0
0.201655    1    2.00121    50    0.541038    1    0.001    0.00484131    0
0.201655    1    2.00121    50    0.541038    1    0.001    0.00484131    0
0.201655    1    2.00121    50    0.541038    1    0.001    0.00484131    0
0.201655    1    2.00121    50    0.541038    1    0.001    0.00484131    0
0.201655    1    2.00121    50    0.541038    1    0.001    0.00484131    0
0.201655    1    2.00121    50    0.541038    1    0.001    0.00484131    0
0.201655    1    2.00121    50    0.541038    1    0.001    0.00484131    0
0.201655    1    2.00121    50    0.541038    1    0.001    0.00484131    0
0.201655    1    2.00121    50    0.541038    1    0.001    0.00484131    0
0.201655    1    2.00121    50    0.541038    1    0.001    0.00484131    0
0.201655    1    2.00121    50    0.541038    1    0.001    0.00484131    0
0.201655    1    2.00121    50    0.541038    1    0.001    0.00484131    0
0.201655    1    2.00121    50    0.541038    1    0.001    0.00484131    0
0.201655    1    2.00121    50    0.541038    1    0.001    0.00484131    0
0.201655    1    2.00121    50    0.541038    1    0.001    0.00484131    0
0.201655    1    2.00121    50    0.541038    1    0.001    0.00484131    0

KiWa subsurface parameters: 
0.8    45.1698    1.23875    0.7    0.07398    16.6    -8.2063    -15.5127    -1.41526    0.400505    0.06    0.9
0.8    45.1698    1.23875    0.7    0.07398    16.6    -8.2063    -15.5127    -1.41526    0.400505    0.06    0.8
0.8    45.1698    1.23875    0.7    0.07398    16.6    -8.2063    -15.5127    -1.41526    0.400505    0.06    0
0.8    45.1698    1.23875    0.7    0.07398    16.6    -8.2063    -15.5127    -1.41526    0.400505    0.06    0.9
0.8    45.1698    1.23875    0.7    0.07398    16.6    -8.2063    -15.5127    -1.41526    0.400505    0.06    0.9
0.8    45.1698    1.23875    0.7    0.07398    16.6    -8.2063    -15.5127    -1.41526    0.400505    0.06    0.9
0.8    45.1698    1.23875    0.7    0.07398    16.6    -8.2063    -15.5127    -1.41526    0.400505    0.06    0.9
0.8    45.1698    1.23875    0.7    0.07398    16.6    -8.2063    -15.5127    -1.41526    0.400505    0.06    0.9
0.8    45.1698    1.23875    0.7    0.07398    16.6    -8.2063    -15.5127    -1.41526    0.400505    0.06    0.8
0.8    45.1698    1.23875    0.7    0.07398    16.6    -8.2063    -15.5127    -1.41526    0.400505    0.06    0
0.8    45.1698    1.23875    0.7    0.07398    16.6    -8.2063    -15.5127    -1.41526    0.400505    0.06    0.9
0.8    45.1698    1.23875    0.7    0.07398    16.6    -8.2063    -15.5127    -1.41526    0.400505    0.06    0.9
0.8    45.1698    1.23875    0.7    0.07398    16.6    -8.2063    -15.5127    -1.41526    0.400505    0.06    0.9
0.8    45.1698    1.23875    0.7    0.07398    16.6    -8.2063    -15.5127    -1.41526    0.400505    0.06    0.9
0.8    45.1698    1.23875    0.7    0.07398    16.6    -8.2063    -15.5127    -1.41526    0.400505    0.06    0.9
0.8    45.1698    1.23875    0.7    0.07398    16.6    -8.2063    -15.5127    -1.41526    0.400505    0.06    0.8
0.8    45.1698    1.23875    0.7    0.07398    16.6    -8.2063    -15.5127    -1.41526    0.400505    0.06    0
0.8    45.1698    1.23875    0.7    0.07398    16.6    -8.2063    -15.5127    -1.41526    0.400505    0.06    0.9
0.8    45.1698    1.23875    0.7    0.07398    16.6    -8.2063    -15.5127    -1.41526    0.400505    0.06    0.9
0.8    45.1698    1.23875    0.7    0.07398    16.6    -8.2063    -15.5127    -1.41526    0.400505    0.06    0.9
0.8    45.1698    1.23875    0.7    0.07398    16.6    -8.2063    -15.5127    -1.41526    0.400505    0.06    0.9

Glacier retreat parameters: 
-0.02    0.12    0    6    -0.02    0.12    0    6    
Number of landscape elements selected for HBV time series output: 1
0  -1.5  0.15


Number of landscape elements selected for KiWa time series output: 1
0  0.5  1

Number of sub-catchment elements selected for time series output: 2
1220009
1220011

Precipitation and temperature correction for catchments: 
0  1220009  1  0
1  1220011  1  0

    Sub-catchment :  1220009

    Nash-Sutcliffe efficiency                           0.74
    Root mean square error                              58.99
    Bias (volume error)                                 0.00
    Volume error correction factor                      1.00
    Pearson's product-moment correlation coefficient    0.77


    Sub-catchment :  1220011

    Nash-Sutcliffe efficiency                           0.80
    Root mean square error                              12.08
    Bias (volume error)                                 0.00
    Volume error correction factor                      1.00
    Pearson's product-moment correlation coefficient    0.83


    Watercourse outlet :  1220009

    Nash-Sutcliffe efficiency                           0.74
    Root mean square error                              58.99
    Bias (volume error)                                 0.00
    Volume error correction factor                      1.00
    Pearson's product-moment correlation coefficient    0.77


